1 -6.94505939563e-46 -1.33822971958e-43 -2.80036166027e-44 6.94505939563e-46 1 -1.58691737329e-43 2.00342197859e-44 1.33822971958e-43 1.58691737329e-43 1 -9.21633462295e-42
0.999991566206 -0.00215472373354 -0.0034963812148 -0.00258306130652 0.0021462116479 0.999994728681 -0.00243647004881 -0.000241848040259 0.0035016127041 0.00242894552604 0.999990919425 0.681122146922
0.999970839224 -0.00129587377095 -0.00752604892242 -0.0184525885168 0.00127004701399 0.99999329243 -0.00343541486558 -0.015574615901 0.00753045030494 0.00342575625026 0.999965777671 1.373811188
0.999935402683 -0.00117459847556 -0.0113053429248 -0.0369564783058 0.00111866266313 0.999987109174 -0.00495278505575 -0.0184321631551 0.0113110147234 0.0049398182541 0.99992382667 2.08248653714
0.999860058006 0.000225899695177 -0.0167276230911 -0.0431789668983 -0.000324528903975 0.999982579291 -0.00589370817196 -0.0184404795257 0.0167260002971 0.00589831199187 0.999842713045 2.81448829288
0.999778198412 -0.000768923471937 -0.021046679952 -0.0681751471353 0.000640076330299 0.999981018645 -0.00612802193361 -0.0271826154437 0.0210509924374 0.00611319124694 0.999759713436 3.55911758241
0.999663753377 0.000681125129161 -0.0259213474477 -0.0883021010487 -0.000859948337677 0.99997590656 -0.00688816292435 -0.0471400138281 0.0259160312124 0.00690813782247 0.99964025377 4.32104892541
0.999510721166 0.00323926076912 -0.0311098933508 -0.113004180075 -0.00348059452896 0.999964247467 -0.00770644205307 -0.0515888608285 0.0310838179179 0.00781095237868 0.999486260679 5.09335187361
0.99935609936 0.00319460877803 -0.0357376712533 -0.145356208412 -0.00341334558418 0.999975804649 -0.00606128597171 -0.060417681693 0.0357174431305 0.00617936812815 0.999342823893 5.89383363483
0.999188502673 0.00212367857907 -0.0402222092333 -0.18258411607 -0.00226525253605 0.999991398038 -0.00347454754636 -0.064052010337 0.0402144844212 0.00356284142179 0.99918471836 6.68881959325
0.999054534355 0.00158801485869 -0.0434455474477 -0.23490150785 -0.00163642900788 0.99999807912 -0.00107882199492 -0.067407333205 0.0434437508086 0.0011488975599 0.999055213965 7.50727698578
0.99892941753 0.00361577520241 -0.0461188135352 -0.28599060828 -0.00369433243965 0.999991866562 -0.00161824541117 -0.0850392680108 0.046112587219 0.00178689117492 0.998934650675 8.33573679819
0.998844578898 0.00292474265172 -0.0479682508273 -0.34835072757 -0.00301009422822 0.999994012391 -0.00170719509087 -0.0936503770531 0.0479629705059 0.00184961151659 0.998847401958 9.16836582013
0.998741877813 -2.17228755749e-05 -0.0501463959961 -0.384340671168 -8.55541923669e-05 0.999997712675 -0.00213713026625 -0.105263602227 0.0501463277196 0.00213873172966 0.998739591507 10.0099662904
0.998640681479 -0.000149812119024 -0.0521226136273 -0.432489279056 8.50571304088e-05 0.999999221899 -0.00124457480668 -0.115830507998 0.0521227595231 0.00123844963315 0.998639917178 10.8449185029
0.998568026792 -0.00130380431713 -0.0534807999531 -0.489253669643 0.00123054833865 0.999998259135 -0.0014026682669 -0.132307575193 0.0534825356552 0.00133484897399 0.998567892814 11.706070222
0.998459317525 0.00104396636514 -0.0554788372393 -0.545812098027 -0.00124812278101 0.999992576685 -0.00364537569152 -0.142663287307 0.0554746197529 0.0037090037257 0.998453208646 12.5750813554
0.998398660544 0.00185159621995 -0.0565392449122 -0.605637795168 -0.00221208048112 0.999977620403 -0.00631390475687 -0.155684647794 0.0565262887845 0.00642886341215 0.998380412664 13.4362801844
0.99827621781 0.00601518382703 -0.058381594005 -0.663263276362 -0.00647139610779 0.999949963043 -0.00762839714287 -0.173926556192 0.0583327865566 0.00799305786795 0.998265193743 14.3139189418
0.998191531959 0.00698539020055 -0.0597065310393 -0.713764608848 -0.0074424229815 0.999944658806 -0.00743570207384 -0.18492992939 0.0596512855281 0.00786661610303 0.998188279077 15.1967897161
0.998105476319 0.00570910110319 -0.0612606260661 -0.77577045346 -0.00609134860523 0.999963117048 -0.00605475148034 -0.195295414306 0.061223799405 0.00641644043942 0.998103439368 16.0994225115
0.998023110094 0.00546302220198 -0.0626101198362 -0.850510392509 -0.00576963164911 0.99997222849 -0.00471737217104 -0.199224552032 0.0625826099497 0.00506928377458 0.998026913111 17.0231796262
0.99795722434 0.00497698560172 -0.063691506517 -0.915391434178 -0.00528556498943 0.999975092388 -0.00467732897709 -0.21157547686 0.0636666411147 0.00500441984027 0.997958673789 17.9403765011
0.997842288183 0.00407269999524 -0.0655300009732 -0.97586498232 -0.0044340238421 0.99997575432 -0.00536937648982 -0.223227893211 0.0655065442942 0.0056483525094 0.997836153268 18.846683931
0.997766656894 0.00285028971472 -0.0667351049919 -1.02632951798 -0.00327386571675 0.999975180393 -0.00623862178272 -0.235334879072 0.0667156667733 0.00644317057211 0.997751224184 19.7424615034
0.997749005634 0.00395854493784 -0.0669421517275 -1.11992953467 -0.00431970514903 0.999976882141 -0.0052512218871 -0.237704853515 0.0669198169705 0.00552857177372 0.99774303956 20.7019376512
0.997754994442 0.00442186131661 -0.0668237847578 -1.20193083035 -0.00454914111479 0.999988116675 -0.00175266183931 -0.24767544976 0.0668152406414 0.00205271793043 0.997763253466 21.6504741526
0.997793533152 0.00499654024444 -0.0662049830941 -1.26987213804 -0.00488645822551 0.999986396636 0.00182457349292 -0.254224444084 0.0662131990385 -0.00149703974779 0.997804375188 22.5963158974
0.997910235991 0.00413038882352 -0.0644833373319 -1.34995596827 -0.0038422146907 0.999982073739 0.00459234004665 -0.265665682431 0.0645011495367 -0.0043349843137 0.997908217032 23.5487695113
0.998025790931 0.00477441933955 -0.0626236820768 -1.43610831164 -0.00447254601495 0.999977698454 0.0049597305407 -0.26821882055 0.0626459653053 -0.00466985169597 0.998024887223 24.5161139946
0.998140461495 0.00655145146768 -0.0606027855026 -1.51719886542 -0.00643910277906 0.999977169592 0.00204896317612 -0.289077724952 0.060614825599 -0.00165492548565 0.99815985901 25.4734306245
0.998197160863 0.00686383697707 -0.0596264688477 -1.5945554527 -0.00706465833216 0.999970058899 -0.00315783287236 -0.286590942626 0.0596030087155 0.00357338043763 0.998215764404 26.4454103119
0.998282763443 0.00620983160835 -0.0582491390796 -1.6587647015 -0.00657620311621 0.999959770058 -0.00610014908799 -0.29863593142 0.0582089148214 0.0064727318589 0.998283439699 27.3910298649
0.998353560967 0.00348327000804 -0.0572541189298 -1.73066791926 -0.00378400187215 0.999979604914 -0.0051450058585 -0.31038270499 0.0572350297825 0.00535318461325 0.998346380161 28.3684621795
0.998357176302 0.00315482879759 -0.0572101003457 -1.78484488326 -0.00319022737542 0.999994772122 -0.000527425918962 -0.330083329627 0.0572081373198 0.000709072679437 0.998362021634 29.3281097686
0.998312114169 -0.00112289644605 -0.0580660125004 -1.85254476073 0.00128113285908 0.999995566781 0.00268795769424 -0.33356408309 0.0580627367829 -0.00275781100514 0.998309127012 30.333611609
0.998218864199 -0.00866905031166 -0.059024966953 -1.9212065116 0.00879306521253 0.999959644358 0.00184164614271 -0.338528092123 0.0590066196395 -0.00235737630442 0.99825480796 31.3353411249
0.998147833376 -0.0102500312881 -0.0599653198638 -2.00586116059 0.010142541952 0.999946365049 -0.00209663275568 -0.356394673155 0.0599835941781 0.00148454867009 0.998198259137 32.3341128974
0.998053838299 -0.00947715969856 -0.0616337513168 -2.06901681453 0.00910410851102 0.99993851665 -0.00633072884574 -0.368529184848 0.0616899591955 0.00575728786379 0.998078755696 33.337202098
0.997947283848 -0.00788137429125 -0.0635539345714 -2.14428655859 0.00743971031498 0.999946525477 -0.00718309794905 -0.384901662774 0.0636071487386 0.00669553022528 0.997952554235 34.3244213034
0.997920416332 -0.00769036557497 -0.0639976635897 -2.23869242212 0.00732478659564 0.999955500954 -0.00594504940701 -0.400543469443 0.0640405353581 0.00546391695095 0.997932340113 35.3514508127
0.997865540494 -0.00379214371025 -0.0651918916804 -2.31128147524 0.00357432994639 0.999987635109 -0.00345742593354 -0.416624308615 0.0652041966457 0.00321702886719 0.997866756368 36.3415098916
0.997815009901 -0.00252334452803 -0.0660215021659 -2.40338406326 0.00238168627119 0.999994690111 -0.00222425746556 -0.448153978619 0.0660267641669 0.00206215497971 0.997815721429 37.3571739432
0.997737090846 -0.00125531823772 -0.067224413168 -2.46335393107 0.00127887892096 0.999999134973 0.00030744459238 -0.461549789478 0.0672239690763 -0.000392720758172 0.997737833177 38.333784087
0.997741484161 -0.00126749525572 -0.0671589475777 -2.53459064713 0.00150028481576 0.999993040275 0.00341592554251 -0.479177159635 0.0671541505004 -0.00350896816986 0.997736441759 39.336674487
0.99768717018 0.0039996476425 -0.0678550902844 -2.60952559904 -0.00360439039912 0.99997582376 0.00594644980711 -0.487237581556 0.0678772335074 -0.00568812044471 0.997677466147 40.3135578623
0.997675945626 0.00359566245508 -0.0680424774069 -2.68341189542 -0.00324834319743 0.999981128969 0.00521440052652 -0.490285322468 0.0680599425994 -0.00498125665754 0.997668798397 41.3104085465
0.997719658693 0.00519673204383 -0.0672939568901 -2.7769660132 -0.00498899594199 0.999982258321 0.00325468328418 -0.506015347299 0.0673096766992 -0.0029115322176 0.997727883946 42.321227458
0.99770918885 0.00841200759835 -0.0671238602309 -2.86373882376 -0.0083553137043 0.99996446057 0.00112531343742 -0.526067614843 0.0671309408323 -0.000561894647579 0.997744015796 43.3299935324
0.99764269921 0.00771712554631 -0.0681871739084 -2.93461595509 -0.00766399437512 0.999970089554 0.00104076301238 -0.533046686388 0.0681931660985 -0.000515723503622 0.997672003279 44.3340735378
0.997575151164 0.00661549608237 -0.0692824147326 -3.01279393474 -0.00648661489616 0.999976787946 0.00208504117658 -0.549814518419 0.0692946001271 -0.00163057692347 0.997594907571 45.3347781349
0.997514948901 0.00744663154181 -0.0700605052641 -3.08896082728 -0.00724049236636 0.999968680595 0.00319579403615 -0.570059088537 0.0700821089114 -0.00268057977112 0.997537624605 46.3263480866
0.997497345735 0.0105409310223 -0.0699137613385 -3.17666764987 -0.0105976609474 0.999943746166 -0.000440551487575 -0.589113759079 0.0699051845986 0.00118037127774 0.997552941898 47.2999102326
0.997427141935 0.011938268378 -0.0706864504681 -3.25552228178 -0.0123061463922 0.999912893631 -0.00477115406322 -0.607328404717 0.0706233339104 0.00562875636841 0.997487173757 48.2624454502
0.997360266029 0.0129528912454 -0.0714473397338 -3.32779720177 -0.0134438399709 0.999889178299 -0.00639486407107 -0.618012395883 0.0713565898393 0.00733850993287 0.997423873465 49.2270310791
0.997360455383 0.0122284422273 -0.0715722518784 -3.39292452645 -0.0124621494593 0.999918368778 -0.0028196829055 -0.640339060383 0.0715319290185 0.00370418432671 0.997431432305 50.200115976
0.99734735627 0.011016350995 -0.0719506146726 -3.45299700856 -0.0110345760607 0.999939106816 0.000144194912793 -0.65996984437 0.0719478218723 0.000650132115157 0.997408185377 51.163164032
0.997315729645 0.0104026691449 -0.0724784097277 -3.5120639227 -0.0103926247985 0.999945862231 0.000515709215231 -0.679278858903 0.0724798506607 0.000238916006019 0.997369848235 52.1258461671
0.997318164448 0.00763368073797 -0.0727887750977 -3.57019299832 -0.00769806314762 0.999970187054 -0.000604008690424 -0.69937577086 0.0727819942404 0.00116272142558 0.997347196012 53.0683224567
0.997300777788 0.0052938428172 -0.0732334203233 -3.64374345401 -0.00545124179777 0.999983241432 -0.00194956871087 -0.717179971935 0.0732218723257 0.00234351947356 0.997312922472 54.0334683005
0.997217221292 0.00458246318911 -0.0744097748274 -3.70465598765 -0.00467113600174 0.999988572328 -0.00101769481084 -0.734718818972 0.0744042609479 0.00136244096946 0.997227230729 54.9632588463
0.997149209888 0.00233456919601 -0.0754188504752 -3.77240136528 -0.0021230877985 0.999993587082 0.00288414504392 -0.749929184734 0.0754251000565 -0.00271580211053 0.997147771747 55.9104463261
0.997103900127 0.00256754896127 -0.0760080261855 -3.83634229452 -0.00196717059791 0.999966282608 0.00797269637471 -0.774484401206 0.0760259336813 -0.00780008589544 0.99707533119 56.8528794573
0.997061871686 0.00547223659515 -0.0764047031115 -3.91467912201 -0.00471266639935 0.999937704773 0.0101181692838 -0.791310970081 0.0764553124793 -0.00972837092707 0.997025548315 57.799052762
0.996945690926 0.0067944292478 -0.0778018320781 -3.99650112553 -0.00633210658587 0.999960809045 0.00618747116229 -0.804175363787 0.0778408232851 -0.00567592321968 0.996949642723 58.7337400672
0.996807493088 0.00907700103508 -0.0793248370674 -4.07533775543 -0.00924220150604 0.999955818108 -0.00171567598348 -0.816392806736 0.0793057591534 0.00244333480466 0.996847343719 59.6563969732
0.996705741554 0.0106726045709 -0.0803975140456 -4.15527360162 -0.0112419253721 0.99991481423 -0.00663199794093 -0.828609353877 0.08031988463 0.0075139732787 0.996740817032 60.5736360103
0.99651846518 0.0162197927021 -0.0817793793033 -4.22671415868 -0.0167376874297 0.999843944603 -0.00565121765528 -0.852440757359 0.0816749556109 0.00700034043322 0.996634434916 61.4711633913
0.996390606047 0.0192036393505 -0.0826860351951 -4.30684389973 -0.0195100084648 0.999805459502 -0.00289874454224 -0.884444883523 0.0826142829679 0.00450148707779 0.996571430889 62.3450717665
0.996304426492 0.0219852256778 -0.0830309557042 -4.42222024707 -0.0221610407643 0.999753698202 -0.00119632890062 -0.908619422673 0.0829842034697 0.00303196017329 0.996546250403 63.2587852977
0.99619930056 0.0226743082263 -0.0841001148061 -4.50634155933 -0.0228879182028 0.999736794209 -0.00157654823864 -0.919807532797 0.0840422320282 0.00349543280116 0.996456062847 64.1293772599
0.995984868053 0.0247396525582 -0.0860354124805 -4.57299409161 -0.0248801725626 0.999690283058 -0.000561223765637 -0.941495031806 0.0859948813747 0.00269954628717 0.99629192149 64.9761338954
0.995823679899 0.0253566916823 -0.0877053974384 -4.63642441467 -0.0254321339199 0.999676517856 0.000257316632148 -0.963142810378 0.0876835510069 0.00197429341763 0.996146423498 65.8021803377
0.995694998441 0.0253623025309 -0.0891528108901 -4.71835006352 -0.0253995089736 0.999677123085 0.000717303025525 -0.979150136639 0.089142217962 0.00155022258534 0.996017701543 66.6298039393
0.995581847384 0.0251104070372 -0.0904779123225 -4.79684531306 -0.0250608206821 0.999684509529 0.00168424301092 -0.989950906633 0.0904916594309 0.000590648968152 0.995897038206 67.4439376802
0.995365118042 0.0279357310025 -0.0920210667086 -4.86591502568 -0.0276341977284 0.999607749313 0.0045495746127 -1.00347304021 0.0921120670745 -0.00198555951881 0.995746666905 68.2283308616
0.995178619687 0.0295987702554 -0.0935062977378 -4.93409011319 -0.0289080929071 0.999543927745 0.00873262122616 -1.01820153514 0.0937221269591 -0.0059874291957 0.99558039033 69.0159472399
0.994922757204 0.0330805200725 -0.0950493892099 -5.02170501253 -0.0322271246407 0.999425416779 0.0104999397132 -1.02979899961 0.0953421188921 -0.00738346045686 0.995417181325 69.8003359458
0.994748070865 0.0357436417475 -0.0959096845209 -5.12678147432 -0.0352953032161 0.9993566409 0.00636756307319 -1.03759147188 0.0960755800459 -0.00294895968664 0.995369673315 70.5532773876
0.994614605787 0.0357476537968 -0.0972825328749 -5.20914174522 -0.0359833184194 0.999352167071 -0.000668555526933 -1.05778901835 0.0971956107552 0.00416550344895 0.995256580903 71.2855178798
0.994471944416 0.0351161083195 -0.0989566102164 -5.27880720129 -0.0359298941984 0.999333478487 -0.00645302084347 -1.07005971048 0.0986640485279 0.00997284872088 0.995070825528 71.9883584045
0.994373433254 0.0362158982727 -0.0995484000393 -5.35195523776 -0.0371566226921 0.999280465896 -0.00761156156622 -1.08256311047 0.0992011120311 0.0112676169469 0.995003608124 72.6848976188
0.994192647004 0.0388095111085 -0.10037331563 -5.42634052365 -0.0393995473664 0.999215917547 -0.00390202348775 -1.10028738921 0.100143179051 0.00783402626345 0.994942195166 73.3626157958
0.994070272435 0.0390898006468 -0.101470591534 -5.51108498272 -0.0394477601843 0.99922047386 -0.00152277212162 -1.12205723025 0.101331967697 0.00551653005839 0.994837373755 74.0275379371
0.994091650276 0.0359189355483 -0.102428613777 -5.5874586004 -0.0365829580429 0.999319981502 -0.00461104673604 -1.14117087094 0.102193336535 0.00833094473955 0.994729670477 74.6697566895
0.994335932401 0.0278324890012 -0.10257390551 -5.64520730556 -0.0289886332445 0.999531722884 -0.00979765738322 -1.15846784912 0.102253179306 0.0127156401168 0.994677133455 75.288238778
0.99453352313 0.0236976669834 -0.101693126368 -5.70283871738 -0.025284666206 0.999577362763 -0.0143450865187 -1.17856063787 0.101310201983 0.0168379461907 0.994712383829 75.8859115397
0.994785292594 0.0264113782917 -0.0985122364705 -5.76997140139 -0.0279818451823 0.999501889032 -0.014594182449 -1.19605438892 0.0980777139716 0.0172746322072 0.995028818228 76.4693498577
0.995023567106 0.0315021597975 -0.0945289100288 -5.82968945425 -0.0327642295697 0.999393111282 -0.0118285409981 -1.20983442008 0.0940989169112 0.0148668439668 0.995451842525 77.0472975629
0.995471516881 0.0299600896704 -0.0902155868259 -5.87042354109 -0.0308943980548 0.999482336099 -0.00897752716215 -1.22359668308 0.0898999179545 0.0117240288321 0.995881796148 77.6107158419
0.996063502347 0.02653127621 -0.084578902073 -5.90494521199 -0.027026145139 0.999623625311 -0.00471117812085 -1.24209286738 0.084422075147 0.00697847426236 0.996405647377 78.1537514761
0.996827952747 0.0223623663872 -0.0763803455857 -5.93356998641 -0.022543934855 0.999744704292 -0.00151566553448 -1.25719862476 0.0763269521433 0.00323277130687 0.99707760258 78.6772353506
0.997487790708 0.026270870968 -0.0657871471272 -5.96544803042 -0.0264657235508 0.999647532451 -0.002091970569 -1.26655785363 0.0657090014038 0.00382781955016 0.99783148624 79.1970044832
0.998220298326 0.0315030824952 -0.0506338997395 -5.99505103212 -0.0316892290793 0.999493628032 -0.00287754821709 -1.27884930659 0.0505176085131 0.00447697628774 0.998713135947 79.704818894
0.998786009197 0.0368304912146 -0.0327112022024 -6.00516105827 -0.0369433142483 0.999313295342 -0.00285119022169 -1.28559657325 0.032583728531 0.00405618912539 0.999460778603 80.1993496966
0.999322236978 0.0352332465154 -0.0106623177969 -5.99038196658 -0.0352653157417 0.999373964904 -0.0028347446393 -1.2938406854 0.010555765555 0.00320883335786 0.999939137749 80.6777140343
0.9993745221 0.0318280494737 0.0154123276444 -5.95533995119 -0.0317942972023 0.999491479314 -0.00243011185018 -1.30577902648 -0.0154818358771 0.00193856774322 0.999878269947 81.1544139632
0.998514013835 0.0308622823087 0.0449141815734 -5.90914111084 -0.0308265851752 0.999523641247 -0.00148735859901 -1.31859063405 -0.0449386895908 0.000100597560859 0.998989741718 81.6156795866
0.996482163943 0.030482114161 0.0780649579507 -5.85154224599 -0.0305255700527 0.999533783309 -0.000636864352354 -1.33052697208 -0.0780479757362 -0.00174835337461 0.996948071237 82.0666524392
0.99281821717 0.0311454727912 0.115507346864 -5.77180781485 -0.0312262199816 0.999511725452 -0.00111079686225 -1.33591236953 -0.11548554386 -0.00250403846225 0.993306004689 82.5151102968
0.987096675951 0.0315397966323 0.156988514087 -5.66645088431 -0.0315653131068 0.999498972638 -0.00233124499742 -1.34151815821 -0.156983385539 -0.00265422741355 0.987597677064 82.9487131615
0.978829046658 0.0310489495202 0.202310800881 -5.55318218433 -0.0310708593737 0.999512474738 -0.00306831227333 -1.36021204893 -0.202307437128 -0.00328261726661 0.979316560315 83.3672310419
0.967134168074 0.0332916732503 0.25207769722 -5.43788020903 -0.0328299260618 0.999442710813 -0.00603852283608 -1.37396968632 -0.252138249574 -0.00243563040208 0.967688157831 83.767641415
0.951543296044 0.0347924027195 0.305540250159 -5.28805893153 -0.0332446163073 0.999394486531 -0.0102691664114 -1.3821370842 -0.305712530396 -0.000386011928282 0.95212378384 84.1544422064
0.931573385655 0.0349333362412 0.361871094672 -5.12373712434 -0.0322939958517 0.999389369293 -0.0133411535006 -1.39768805776 -0.36211617607 0.000741999904913 0.932132675355 84.5166996889
0.907030932483 0.0353433749776 0.419578042043 -4.93719064892 -0.0315153593469 0.999374331784 -0.0160538810432 -1.41500055067 -0.419882923736 0.00133821392348 0.90757729122 84.863749301
0.877778374627 0.0355822433263 0.47774368546 -4.72228632817 -0.0299465859092 0.999363019699 -0.0194102254315 -1.4239881132 -0.478130031507 0.0027310838112 0.8782848138 85.1928607015
0.844253904887 0.0339261510458 0.534868544932 -4.48615408001 -0.0259442140924 0.999411489216 -0.0224404317603 -1.44165711209 -0.535315086503 0.00506867809998 0.844637239686 85.4943354519
0.807372965117 0.0335518202423 0.589086725836 -4.22822166087 -0.023493565528 0.999418233521 -0.024723407637 -1.45705185935 -0.589573530254 0.00612126333657 0.807691514478 85.7758301942
0.767104266827 0.0327128498236 0.640687843862 -3.95668650069 -0.0219354842628 0.999452556692 -0.0247673464886 -1.47279757853 -0.641147314075 0.00494533905295 0.767401892932 86.0434267639
0.72431708576 0.032364613157 0.68870697041 -3.66622728196 -0.022448282017 0.999475063057 -0.023359643878 -1.49003178144 -0.689101468515 0.00145950087927 0.724663394927 86.2886561783
0.679021599592 0.0314495676605 0.733444334617 -3.3590547036 -0.0201590761749 0.999503989257 -0.0241947743665 -1.50077864939 -0.733841453541 0.00164321418051 0.679318791814 86.5139671538
0.632352360235 0.0303413571784 0.774086490355 -3.03885423212 -0.0157790254928 0.999529871087 -0.0262880040798 -1.51576566074 -0.774520183636 0.00440895096077 0.632533830156 86.7206778056
0.585433372646 0.0277873755938 0.81024417798 -2.70339840232 -0.00884156921308 0.999571839908 -0.0278919973495 -1.53085991269 -0.810672309165 0.00916507609903 0.585428397444 86.9044072281
0.538231780838 0.0300411988862 0.842261287527 -2.37087719818 -0.00956212136349 0.999517872147 -0.0295396190539 -1.54617658181 -0.842742615471 0.00784535711755 0.538259541894 87.0759962668
0.490278781952 0.0330676962425 0.870938139843 -2.03372595998 -0.0121958066374 0.999442451239 -0.0310813281999 -1.56344478037 -0.871480337281 0.00461672258464 0.490408714854 87.2372033813
0.444378030533 0.0354640169102 0.895137123286 -1.68635936624 -0.0116325591818 0.999360296164 -0.0338183680642 -1.57680369348 -0.895763835811 0.00461540423377 0.444506297478 87.3778337096
0.401854383417 0.0331339989888 0.915103924502 -1.33400018506 -0.00341565430879 0.999392423646 -0.0346859750552 -1.59127631776 -0.915697214058 0.0108130324563 0.401723400482 87.4894415884
0.362606459881 0.0256874041557 0.931588274143 -0.959042498771 0.0127845258345 0.999388889802 -0.0325331037503 -1.60233677144 -0.931854662032 0.0237066279378 0.362056466094 87.581316544
0.327303297139 0.0221394627372 0.944659936629 -0.588933033413 0.0179664756455 0.999398940232 -0.0296473272844 -1.61353167365 -0.944748515444 0.0266758777163 0.326708800178 87.6708282802
0.293905565163 0.0262940987658 0.955472730713 -0.218479516586 0.0163245374664 0.999337672293 -0.032522703021 -1.62931125569 -0.955695049816 0.0251562538026 0.293281664363 87.7691482909
0.262255526242 0.0341355665169 0.964394526143 0.146009728381 0.0057221182519 0.999301576001 -0.0369271927473 -1.65407531798 -0.964981500506 0.0152027398867 0.26187703294 87.8674182322
0.233826132577 0.0383913007303 0.971520173621 0.533944201002 0.00238778090647 0.999194439414 -0.040059589953 -1.67706096434 -0.972275495025 0.0116867563122 0.233546101446 87.9548311958
0.208193217989 0.0402322203591 0.977259920609 0.938951107849 0.00461833236799 0.999102082874 -0.0421153060398 -1.70109524862 -0.978076814463 0.0132814322143 0.207820471968 88.0246607054
0.185085487474 0.0418124349709 0.981832512503 1.36006743095 0.0122794309855 0.998918044138 -0.044854839976 -1.72126416343 -0.982645703141 0.0203583244991 0.184371800236 88.0714383358
0.16515336759 0.0482489464968 0.985087003434 1.77549859447 0.020162868301 0.99842874968 -0.0522827940526 -1.72980622344 -0.986061774898 0.0284968590201 0.163921033155 88.114253417
0.14537340546 0.0553106563003 0.987829592736 2.21846587865 0.0229693522983 0.997978335775 -0.0592591780206 -1.73728640261 -0.989110197015 0.0313045144399 0.143809059297 88.1725470838
0.128180409632 0.056134657057 0.99016093786 2.61655076473 0.0219835186587 0.997990713985 -0.0594244032991 -1.75153225385 -0.991507189835 0.0293842658096 0.126688821247 88.2031190435
0.113682147548 0.0517165782172 0.992170229782 3.03379003953 0.0208450851529 0.998300282494 -0.054424520177 -1.77646823362 -0.993298470629 0.026868969259 0.112410883535 88.1865042412
0.0992812779921 0.0485859231659 0.993872545103 3.50050621225 0.0224378017806 0.998443970482 -0.0510507870666 -1.800404286 -0.994806399704 0.0273687025447 0.0980366320796 88.231213983
0.0863365815152 0.0462103580779 0.995193748724 3.94940144282 0.0253805864035 0.998497474526 -0.0485656174656 -1.82378076315 -0.995942679338 0.0294515903189 0.0850340126162 88.2459452935
0.0747492517104 0.0458136629049 0.996149415329 4.48029342237 0.0298054279994 0.998395151092 -0.0481534914339 -1.83957253286 -0.996756833852 0.0332900971272 0.0732637946243 88.2841833373
0.0654034446262 0.045607290631 0.99681611367 4.88939777577 0.0330799242579 0.998306808592 -0.0478459458056 -1.89554118228 -0.997310437147 0.0361038912063 0.063784018356 88.2590984961
0.0577312744669 0.0462032261666 0.997262433786 5.43062244676 0.0363806930962 0.99816762292 -0.048351232914 -1.92166382726 -0.997669055909 0.0390724768381 0.0559445836115 88.2840210083
0.0525933258434 0.0466236308197 0.997527031777 5.99637733332 0.0389280044226 0.998054533012 -0.0487007146258 -1.94980938601 -0.997856980007 0.0413930692578 0.0506760423574 88.2961837397
0.0479866033939 0.0477257354996 0.997707141433 6.49623555896 0.0407002471071 0.997934856604 -0.0496941833621 -1.96468707667 -0.998018424569 0.0429915822648 0.0459450549486 88.2697487154
0.0421501854784 0.0483134329584 0.997942470316 7.05898988719 0.041780424647 0.997871196073 -0.0500746658924 -2.00158776755 -0.998237325479 0.0438051166382 0.0400419002528 88.2856462012
0.0382306059994 0.0484092736411 0.998095668256 7.62675764349 0.0446458679413 0.997745707321 -0.0501023951383 -2.02616857487 -0.998271089054 0.0464762923259 0.0359831489861 88.2864897064
0.0354751903003 0.0481221948962 0.998211282861 8.18053571029 0.0456797540226 0.997717946773 -0.0497218137132 -2.07115085727 -0.998326034392 0.0473619366672 0.0331960240019 88.2821420308
0.0322483132232 0.0479348341271 0.998329754125 8.8020876414 0.0462213441216 0.997709084037 -0.049398086784 -2.10043444928 -0.998410553651 0.0477371480875 0.0299588225841 88.2995249093
0.0297240640821 0.0473900060094 0.998434107663 9.45298576303 0.0484405932417 0.997633521465 -0.0487941162078 -2.13559611787 -0.998383688239 0.0498150999249 0.0273581227177 88.3239906271
0.0293925302341 0.0471112814811 0.998457112912 10.0459732163 0.0518730827725 0.997470812657 -0.0485917810095 -2.16701247529 -0.998221048892 0.0532212838553 0.0268743836149 88.310753101
0.030136302694 0.047120526291 0.998434504243 10.7679516428 0.0557707626563 0.997252848061 -0.0487481186036 -2.19863876201 -0.997988689962 0.057152541822 0.0274255660036 88.349596719
0.0323731040694 0.0473913433377 0.998351662847 11.4860876559 0.0572161612997 0.997149284278 -0.0491895898629 -2.23282507936 -0.997836806807 0.058714269487 0.029569266808 88.3806582536
0.0360001141418 0.047234614529 0.998234883668 12.1869283913 0.0589503494774 0.997042604465 -0.0493041699964 -2.28111126693 -0.997611571744 0.0606212510003 0.033109150531 88.403919309
0.0406215984532 0.0467658400884 0.998079576958 12.9115640274 0.0594812078728 0.99701932679 -0.0491370320319 -2.32028321286 -0.997402562484 0.061363003575 0.0377188300873 88.4231455867
0.044432681307 0.0452470016878 0.997987197147 13.6388333734 0.061070314088 0.996982471355 -0.0479204397652 -2.35796527535 -0.997143998412 0.0630766252138 0.0415353558137 88.4595463673
0.0481131014706 0.0441441496938 0.99786593464 14.4117368079 0.0608863076943 0.997035507709 -0.0470431068673 -2.39040154171 -0.99698444672 0.0630197621084 0.045282696271 88.5086765374
0.0520373991856 0.0418026148097 0.99776983843 15.1984215433 0.0571531758953 0.997361267331 -0.0447662474779 -2.44736790564 -0.997008336761 0.0593552341689 0.0495109342033 88.5578616546
0.0556935863994 0.0406272524501 0.997620995565 15.9806589759 0.054678622065 0.997548287182 -0.0436768019623 -2.50248694937 -0.996949583842 0.0569810591243 0.0533355995375 88.6066564448
0.0598553341193 0.041423020572 0.997347217545 16.75987985 0.0511035696577 0.997701237098 -0.0445046813434 -2.55508102307 -0.996898071091 0.0536318455764 0.0576008766805 88.6461206975
0.0631142844752 0.0457567156319 0.996956824577 17.5535130802 0.0488983197116 0.997606881176 -0.0488821538041 -2.59475229995 -0.996807675244 0.0518346757078 0.060725817983 88.6952623729
0.0643658815833 0.0507398732812 0.996635589645 18.3433837859 0.0425737056583 0.997657652936 -0.0535414524019 -2.65179500169 -0.997017809708 0.0458767130272 0.0620549299193 88.7479549605
0.0641900205046 0.0541240879122 0.996468877776 19.1655038458 0.0404820127181 0.997565008609 -0.056791374736 -2.6922484719 -0.997116265996 0.0439845052921 0.0618426663421 88.8086600972
0.0642595696948 0.0537767008811 0.996483203142 19.976928923 0.0373549092463 0.997717545804 -0.0562521959646 -2.74829653696 -0.99723383339 0.0408382815259 0.0621040763893 88.8611638961
0.0639161453802 0.0518058623369 0.996609692401 20.7844621235 0.0342860838511 0.997948110771 -0.0540743253621 -2.81122916084 -0.997366126763 0.0376260659217 0.0620087763898 88.924225534
0.0634736855464 0.0506118937043 0.996699316474 21.6083412886 0.0352765969155 0.997975296577 -0.0529232381098 -2.86595726931 -0.997359841258 0.0385193930071 0.0615597547847 88.9867156311
0.0640276502406 0.0501843911544 0.996685500491 22.4133310112 0.0327406321603 0.998091500041 -0.0523584620875 -2.91544494767 -0.997410903796 0.0359845026488 0.0622623847817 89.0382255432
0.0642154984532 0.050683568052 0.996648155413 23.2239116142 0.0309784748342 0.99812688064 -0.0527547556244 -2.96781238689 -0.997455113705 0.0342623127292 0.0625251155224 89.0917899282
0.0642911526569 0.0514238520249 0.996605355762 24.0288652314 0.0282851874399 0.99817628843 -0.0533295920469 -3.01928741368 -0.997530248094 0.0316177902348 0.0627193708446 89.1475132415
0.0626189428811 0.0527187796408 0.99664416833 24.8487510222 0.0248113570926 0.998213060995 -0.0543606605761 -3.07661152835 -0.997729053677 0.0281321014543 0.0611990221824 89.2151429927
0.0599573237803 0.052694713054 0.996809102357 25.6518804881 0.0224253624987 0.99828250985 -0.0541214711984 -3.12364326721 -0.997949007937 0.0255987840344 0.0586726496253 89.2638914281
0.0561332995084 0.0514740555019 0.997095519144 26.4533459555 0.019807624223 0.998416177075 -0.0526573392496 -3.17807431489 -0.998226783206 0.0227059235531 0.0550248155532 89.3080512367
0.0511855289659 0.0491846064776 0.997477275987 27.2568817811 0.0179222041831 0.998580443131 -0.0501586801398 -3.2294337214 -0.998528335212 0.0204443899834 0.0502313716367 89.3527726508
0.0447831406272 0.0472498987509 0.997878708754 28.0777612696 0.0157918768703 0.99872256109 -0.047998568678 -3.28050942251 -0.998871907174 0.0179079043512 0.0439797683176 89.3967230913
0.0371328936177 0.047739109601 0.998169387242 28.9017137673 0.0156934536396 0.998707226401 -0.0483486447309 -3.32913801684 -0.99918710146 0.0174600500845 0.0363356976898 89.4337842375
0.0287768852323 0.0487094618779 0.99839835697 29.6969730804 0.0158941423602 0.998663433535 -0.0491805119795 -3.37948838139 -0.999459487481 0.0172839475668 0.0279642278911 89.449492865
0.0188366581445 0.0494545572921 0.99859873176 30.5028069925 0.0163035366575 0.998627951159 -0.0497635394379 -3.4229632456 -0.999689639339 0.0172180698098 0.0180045291418 89.4619665932
0.00880169141904 0.0488320728051 0.998768220807 31.2972344077 0.0182547841004 0.998632617083 -0.0489863139618 -3.4642638593 -0.999794625453 0.0186634606564 0.00789823719031 89.4631302254
-0.00198620116166 0.04813118936 0.998839047903 32.092779701 0.0170030916038 0.998698247553 -0.0480905937819 -3.51098027394 -0.999853464204 0.0168878342357 -0.00280199464112 89.460775518
-0.0129013394863 0.047318270459 0.998796544207 32.8795145701 0.0184322369984 0.998721204861 -0.0470766141618 -3.5624238804 -0.999746872002 0.0178027032348 -0.0137570228915 89.4461135059
-0.0241040159323 0.047658067955 0.998572834086 33.6484855615 0.0187563537882 0.998708788625 -0.0472118069466 -3.61169209498 -0.999533488988 0.0175915912126 -0.0249667841361 89.4277125604
-0.0349474408952 0.0483288054499 0.998219917122 34.4257636127 0.0198110997731 0.998667282857 -0.047656882785 -3.65984528199 -0.999192772542 0.0181103482792 -0.0358583126283 89.3958271467
-0.045944016368 0.049673725487 0.997708208023 35.2066005401 0.0196220028493 0.99861506314 -0.0488152913867 -3.70537002841 -0.998751282534 0.0173342627541 -0.0468550847893 89.3678294256
-0.0564120210108 0.0509083318268 0.997108833396 35.986406596 0.020897315801 0.998540608291 -0.0497991544637 -3.75018124232 -0.998188852912 0.0180276272315 -0.0573935412621 89.3277926903
-0.0661402397605 0.0515934438406 0.996475581857 36.7566822864 0.0216493565829 0.998501426872 -0.0502613757617 -3.79862531899 -0.997575447795 0.0182487557542 -0.0671580886376 89.2805238372
-0.0764841581692 0.0518822268145 0.995720045038 37.536496214 0.0216318591829 0.998496569856 -0.0503652921537 -3.85151260676 -0.996836113018 0.0176871288286 -0.0774914786049 89.2394602026
-0.0858316426405 0.0525626373225 0.994922156894 38.2897254319 0.0232571769328 0.99844095372 -0.050742148709 -3.89404087815 -0.996038168366 0.0187837986625 -0.0869202856936 89.1757913959
-0.0943355329528 0.0524436702137 0.994158170855 39.0207226192 0.0245537717408 0.998430310211 -0.05033912937 -3.93162798761 -0.995237619624 0.0196615642039 -0.0954751453376 89.1037677605
-0.1017122397 0.0514646622959 0.993481760693 39.751325423 0.0273159419021 0.998428889915 -0.0489243405754 -3.97964306988 -0.994438766146 0.0221616858001 -0.102958244299 89.0264930722
-0.106879643187 0.0500640715993 0.993010740429 40.474016316 0.0304754885945 0.998427204106 -0.0470570153812 -4.02143119887 -0.993804803001 0.0252330504808 -0.108237270366 88.9447783473
-0.110566411737 0.0487530144558 0.992672258189 41.18039702 0.0343095144847 0.998388055601 -0.045212251105 -4.06220406456 -0.993276359233 0.0290591468496 -0.112060877084 88.8618515665
-0.113249459285 0.0477183913693 0.992420029573 41.8875718535 0.0361932807068 0.998381211924 -0.0438748459715 -4.10378883762 -0.992907148934 0.0309501341269 -0.114793217544 88.7779241202
-0.115133486849 0.0472389041881 0.992226166827 42.5843220121 0.0369539179924 0.998380873309 -0.0432439562882 -4.13857718968 -0.992662424065 0.0316878169263 -0.116692733739 88.6998083462
-0.115888463988 0.0477421634766 0.992114181806 43.240974972 0.0376787821203 0.99833653107 -0.0436403495486 -4.17761267997 -0.992547315392 0.0323242410176 -0.117494553705 88.622932247
-0.114854284193 0.0486894855814 0.992188403176 43.8578795888 0.0380050766956 0.998282237134 -0.0445891148999 -4.21927425528 -0.992655079848 0.0325869454846 -0.116507439402 88.5532240053
-0.111538037728 0.0507070273107 0.992465648535 44.4821873988 0.0396447398784 0.998129368475 -0.0465409323968 -4.2496064071 -0.992969063335 0.0341549582009 -0.113339658066 88.4731932454
-0.106486027843 0.0512330293697 0.992993405102 45.0975289582 0.0394243455959 0.998103886611 -0.0472689380742 -4.28970979595 -0.993532307904 0.0341146337213 -0.108303946916 88.4137067928
-0.0983928704005 0.0518512187048 0.993795901669 45.6936099107 0.0383079612562 0.998098820591 -0.0482829622136 -4.32894224251 -0.994410047797 0.0333195956541 -0.100192122378 88.3562280678
-0.0871571169962 0.0517163520898 0.994851273248 46.2371182366 0.0364757458779 0.998147582326 -0.0486921334442 -4.37021119829 -0.995526572684 0.0320440762579 -0.0888820581288 88.311136326
-0.0732903851088 0.0521036936562 0.995948655583 46.8036581181 0.0358500899511 0.998126568353 -0.0495794775886 -4.40868314641 -0.996666087765 0.0320711498834 -0.0750210026863 88.2741175722
-0.0560402908391 0.0535421882775 0.996991835411 47.3506994342 0.0344296997169 0.99807080806 -0.0516648611395 -4.44414224214 -0.99783469652 0.031430815669 -0.0577756198263 88.2552167963
-0.0347658894671 0.0564768282986 0.997798426935 47.8910961268 0.0321038912522 0.99794982639 -0.0553668147489 -4.47649484963 -0.998879709022 0.0301083356283 -0.0365077393119 88.2518122801
-0.00988741463819 0.0595719946118 0.998175043011 48.4078013341 0.0293447277287 0.997811197596 -0.0592596060285 -4.51867838775 -0.999520448008 0.0287052505666 -0.0116138970034 88.2564921103
0.0186358962194 0.0612576837182 0.997947994415 48.9287185998 0.026960229733 0.997727607038 -0.0617476166865 -4.56166426919 -0.99946278039 0.0280556293674 0.0169420269141 88.278039183
0.0520869944015 0.06059556579 0.996802449044 49.444028704 0.0232645531063 0.997812875663 -0.0618726573755 -4.60271131449 -0.998371526829 0.0264129242706 0.0505633449101 88.3164190491
0.090473282595 0.058151509352 0.994199671644 49.9618430342 0.0209460908578 0.997961854265 -0.0602776800354 -4.64428540347 -0.995678585897 0.0262781162331 0.0890708380615 88.3757077479
0.132811634158 0.054498547138 0.989641843392 50.4920215322 0.0167283663536 0.998221664059 -0.0572160044194 -4.68217788987 -0.991000116847 0.024154042362 0.131663778793 88.4634727328
0.17864934153 0.0505732998519 0.982612209426 50.9705093325 0.0130488801624 0.998468523945 -0.0537618211906 -4.71529131965 -0.983826275059 0.022426502922 0.177715819412 88.5681873026
0.227187707495 0.0476636449772 0.972683875939 51.4617292994 0.00737942639599 0.998688616793 -0.0506615313136 -4.74899200135 -0.97382302788 0.0186875262264 0.22653804699 88.7060885745
0.279186735553 0.046103129433 0.959129432427 51.9427695709 0.00181991651977 0.998819547976 -0.0485406889609 -4.78463573442 -0.960235103813 0.0152974519911 0.278773265159 88.8629010553
0.33467962453 0.0455440109049 0.941230732602 52.4261782746 -0.000875333532149 0.998845960424 -0.0480206324022 -4.81987036014 -0.942331567292 0.0152476364003 0.334333257198 89.0458597726
0.393158764956 0.0465620510423 0.918290891244 52.8791573993 -0.000524101630794 0.998728155114 -0.050416242421 -4.84283639487 -0.919470451323 0.0193403098503 0.392683131238 89.2605855349
0.453791307324 0.0503473104279 0.889684549562 53.3099271133 -0.00157406808242 0.998446349278 -0.0556992811712 -4.86937913588 -0.891106599519 0.0238754255668 0.453165524226 89.4947353395
0.513891105375 0.0536403998408 0.856176757055 53.7033579272 -0.00243943150124 0.998130518679 -0.0610697703877 -4.89536492193 -0.857851957502 0.0292946272578 0.513061247634 89.7605745427
0.572331288874 0.0580581985848 0.817964633314 54.0666965737 -0.00891332749094 0.997872003908 -0.0645911480793 -4.92130348972 -0.819974053473 0.0296767483773 0.571630861865 90.0523721512
0.628236439691 0.0609483549799 0.775631532282 54.4092541803 -0.0148051059513 0.997682889759 -0.0664052732859 -4.94919016081 -0.777881600684 0.0302349054512 0.627683093456 90.3743964276
0.681101473773 0.0614994229495 0.729601674478 54.720887303 -0.0181839529284 0.99757969309 -0.0671125903975 -4.98090180668 -0.731963200086 0.0324434417233 0.680571301782 90.7064282369
0.72998861188 0.0591734770931 0.680892888885 55.0139353028 -0.0202906638788 0.997682171159 -0.0649505528171 -5.01302296525 -0.683158045758 0.033597395146 0.729497292356 91.0680874158
0.775036294666 0.0553548019434 0.629487559727 55.2835753347 -0.0239894834755 0.998015179611 -0.0582254750768 -5.04542512138 -0.631461199625 0.0300257750467 0.774825919933 91.4517631345
0.815973545298 0.0501305274536 0.575911541463 55.5050115508 -0.0262168548813 0.998416922585 -0.0497626889903 -5.07433481285 -0.577494458755 0.025506448452 0.815996060771 91.8101478911
0.851902428124 0.0478201403373 0.52151269125 55.7125619694 -0.0302577203576 0.998653231019 -0.0421449229947 -5.09684303778 -0.522825710267 0.0201235770575 0.852202040792 92.2261696235
