1 4.71326204152e-22 -4.84021806451e-22 -4.13008808726e-24 -4.71326204152e-22 1 1.43510868402e-22 6.91624137251e-25 4.84021806451e-22 -1.43510868402e-22 1 -5.34735862731e-24
0.999991566206 -0.00215472373236 -0.00349638121601 -0.00258306130661 0.00214621164672 0.999994728681 -0.00243647004845 -0.000241848040243 0.0035016127053 0.00242894552568 0.999990919425 0.681122146922
0.999970839224 -0.0012958737686 -0.00752604892483 -0.0184525885179 0.00127004701164 0.99999329243 -0.00343541486485 -0.0155746159007 0.00753045030734 0.00342575624954 0.999965777671 1.373811188
0.999935402683 -0.00117459847204 -0.0113053429284 -0.0369564783086 0.00111866265961 0.999987109174 -0.00495278505464 -0.0184321631542 0.011311014727 0.00493981825303 0.99992382667 2.08248653714
0.999860058006 0.000225899699861 -0.0167276230958 -0.0431789669038 -0.000324528908663 0.999982579291 -0.00589370817046 -0.018440479524 0.0167260003019 0.00589831199045 0.999842713045 2.81448829288
0.999778198412 -0.000768923466083 -0.021046679958 -0.0681751471446 0.000640076324447 0.999981018645 -0.00612802193171 -0.0271826154408 0.0210509924433 0.00611319124516 0.999759713436 3.55911758241
0.999663753376 0.00068112513618 -0.0259213474549 -0.0883021010626 -0.000859948344687 0.99997590656 -0.00688816292204 -0.0471400138237 0.0259160312195 0.00690813782035 0.99964025377 4.32104892541
0.999510721166 0.0032392607773 -0.0311098933591 -0.113004180095 -0.00348059453713 0.999964247467 -0.00770644205033 -0.0515888608223 0.0310838179262 0.00781095237623 0.999486260679 5.09335187361
0.99935609936 0.00319460878739 -0.0357376712628 -0.145356208438 -0.0034133455935 0.999975804649 -0.00606128596854 -0.0604176816846 0.0357174431399 0.00617936812535 0.999342823892 5.89383363483
0.999188502672 0.00212367858964 -0.0402222092439 -0.182584116104 -0.00226525254651 0.999991398038 -0.00347454754276 -0.0640520103259 0.0402144844317 0.00356284141863 0.999184718359 6.68881959325
0.999054534355 0.00158801487045 -0.0434455474593 -0.234901507893 -0.00163642901949 0.99999807912 -0.00107882199089 -0.0674073331908 0.0434437508203 0.00114889755639 0.999055213964 7.50727698578
0.99892941753 0.00361577521534 -0.046118813548 -0.285990608333 -0.00369433245241 0.999991866562 -0.00161824540671 -0.0850392679931 0.0461125872318 0.0017868911711 0.998934650675 8.33573679819
0.998844578897 0.00292474266582 -0.0479682508413 -0.348350727634 -0.00301009424213 0.999994012391 -0.00170719508598 -0.0936503770312 0.0479629705198 0.00184961151241 0.998847401957 9.16836582012
0.998741877812 -2.1722860299e-05 -0.0501463960112 -0.384340671244 -8.55542074272e-05 0.999997712675 -0.00213713026094 -0.105263602201 0.0501463277346 0.0021387317251 0.998739591506 10.0099662904
0.998640681478 -0.000149812102559 -0.0521226136434 -0.432489279144 8.50571142021e-05 0.999999221899 -0.00124457480093 -0.115830507967 0.0521227595391 0.00123844962825 0.998639917178 10.8449185029
0.998568026791 -0.00130380429949 -0.0534807999703 -0.489253669746 0.0012305483213 0.999998259135 -0.00140266826073 -0.132307575158 0.0534825356724 0.00133484896873 0.998567892813 11.706070222
0.998459317524 0.00104396638391 -0.0554788372576 -0.545812098145 -0.00124812279951 0.999992576685 -0.0036453756849 -0.142663287266 0.0554746197711 0.00370900372014 0.998453208645 12.5750813554
0.998398660543 0.00185159623983 -0.0565392449316 -0.605637795302 -0.00221208050077 0.999977620403 -0.00631390474983 -0.155684647746 0.0565262888038 0.00642886340627 0.998380412663 13.4362801844
0.998276217809 0.00601518384805 -0.0583815940255 -0.663263276513 -0.00647139612858 0.999949963043 -0.00762839713539 -0.173926556138 0.058332786577 0.00799305786182 0.998265193742 14.3139189418
0.998191531958 0.00698539022275 -0.0597065310608 -0.713764609018 -0.00744242300343 0.999944658806 -0.00743570206593 -0.18492992933 0.0596512855496 0.00786661609659 0.998188279075 15.1967897161
0.998105476318 0.00570910112658 -0.0612606260886 -0.775770453649 -0.0060913486283 0.999963117048 -0.00605475147199 -0.195295414238 0.0612237994275 0.00641644043263 0.998103439367 16.0994225115
0.998023110093 0.00546302222657 -0.0626101198598 -0.850510392719 -0.00576963167332 0.999972228489 -0.00471737216226 -0.199224551956 0.0625826099732 0.00506928376745 0.99802691311 17.0231796262
0.997957224338 0.00497698562748 -0.0636915065415 -0.91539143441 -0.00528556501478 0.999975092388 -0.00467732896787 -0.211575476776 0.0636666411391 0.00500441983281 0.997958673788 17.9403765011
0.997842288182 0.00407270002215 -0.0655300009988 -0.975864982575 -0.00443402386858 0.99997575432 -0.00536937648015 -0.223227893119 0.0655065443197 0.0056483525016 0.997836153266 18.8466839309
0.997766656893 0.00285028974278 -0.0667351050185 -1.02632951826 -0.00327386574437 0.999975180393 -0.00623862177262 -0.235334878972 0.0667156667997 0.00644317056395 0.997751224182 19.7424615034
0.997749005632 0.0039585449671 -0.0669421517551 -1.11992953497 -0.0043197051778 0.999976882141 -0.00525122187658 -0.237704853404 0.0669198169979 0.00552857176526 0.997743039558 20.7019376512
0.99775499444 0.00442186134713 -0.0668237847862 -1.20193083068 -0.00454914114471 0.999988116675 -0.0017526618284 -0.247675449638 0.0668152406698 0.00205271792166 0.997763253464 21.6504741525
0.997793533149 0.00499654027624 -0.0662049831234 -1.2698721384 -0.00488645825659 0.999986396636 0.00182457350421 -0.254224443951 0.0662131990679 -0.00149703975685 0.997804375186 22.5963158974
0.997910235988 0.00413038885658 -0.064483337362 -1.34995596865 -0.00384221472294 0.999982073739 0.00459234005829 -0.265665682287 0.0645011495671 -0.00433498432311 0.99790821703 23.5487695113
0.998025790929 0.0047744193738 -0.0626236821079 -1.43610831206 -0.00447254604837 0.999977698454 0.00495973055267 -0.268218820394 0.0626459653366 -0.00466985170567 0.998024887221 24.5161139946
0.998140461493 0.00655145150301 -0.0606027855346 -1.51719886587 -0.00643910281365 0.999977169592 0.00204896318842 -0.289077724784 0.0606148256313 -0.00165492549562 0.998159859008 25.4734306245
0.998197160861 0.0068638370134 -0.0596264688808 -1.59455545317 -0.00706465836791 0.999970058899 -0.00315783285972 -0.286590942445 0.0596030087486 0.00357338042737 0.998215764402 26.4454103119
0.998282763441 0.00620983164575 -0.0582491391138 -1.65876470201 -0.00657620315314 0.999959770057 -0.00610014907501 -0.298635931227 0.0582089148555 0.00647273184831 0.998283439697 27.3910298649
0.998353560965 0.00348327004665 -0.0572541189649 -1.7306679198 -0.00378400191025 0.999979604914 -0.00514500584518 -0.310382704784 0.0572350298175 0.00535318460225 0.998346380159 28.3684621795
0.9983571763 0.00315482883753 -0.0572101003815 -1.78484488384 -0.00319022741466 0.999994772122 -0.000527425905263 -0.330083329408 0.0572081373556 0.000709072668118 0.998362021632 29.3281097686
0.998312114167 -0.00112289640482 -0.0580660125369 -1.85254476134 0.0012811328187 0.999995566781 0.00268795770835 -0.333564082857 0.0580627368195 -0.00275781101692 0.99830912701 30.3336116089
0.998218864197 -0.00866905026926 -0.0590249669904 -1.92120651226 0.00879306517101 0.999959644358 0.00184164615724 -0.338528091875 0.0590066196769 -0.0023573763168 0.998254807958 31.3353411248
0.998147833374 -0.0102500312446 -0.0599653199022 -2.00586116128 0.0101425419093 0.999946365049 -0.00209663274074 -0.356394672891 0.0599835942163 0.00148454865733 0.998198259135 32.3341128974
0.998053838297 -0.00947715965414 -0.0616337513562 -2.06901681526 0.00910410846723 0.999938516651 -0.00633072883034 -0.368529184569 0.0616899592346 0.00575728785075 0.998078755693 33.337202098
0.997947283846 -0.0078813742457 -0.0635539346117 -2.14428655936 0.00743971027008 0.999946525478 -0.00718309793319 -0.384901662479 0.0636071487785 0.00669553021199 0.997952554233 34.3244213033
0.99792041633 -0.0076903655282 -0.0639976636308 -2.23869242293 0.0073247865496 0.999955500955 -0.00594504939076 -0.400543469131 0.0640405353988 0.00546391693736 0.99793234011 35.3514508126
0.997865540491 -0.00379214366222 -0.0651918917221 -2.31128147609 0.00357432989921 0.999987635109 -0.00345742591685 -0.416624308287 0.0652041966873 0.00321702885346 0.997866756366 36.3415098916
0.997815009899 -0.00252334447879 -0.0660215022084 -2.40338406415 0.00238168622288 0.999994690111 -0.00222425744846 -0.448153978272 0.0660267642093 0.00206215496573 0.997815721426 37.3571739431
0.997737090843 -0.00125531818721 -0.0672244132112 -2.463353932 0.00127887887153 0.999999134973 0.000307444609916 -0.461549789114 0.0672239691194 -0.000392720772399 0.997737833174 38.3337840869
0.997741484158 -0.0012674952039 -0.0671589476214 -2.53459064811 0.00150028476518 0.999993040275 0.00341592556042 -0.479177159254 0.0671541505443 -0.00350896818439 0.997736441756 39.336674487
0.997687170177 0.00399964769559 -0.0678550903287 -2.60952560007 -0.00360439045084 0.99997582376 0.00594644982542 -0.487237581157 0.0678772335521 -0.0056881204593 0.997677466144 40.3135578622
0.997675945622 0.00359566250932 -0.068042477452 -2.68341189649 -0.00324834325028 0.999981128968 0.00521440054522 -0.49028532205 0.0680599426449 -0.00498125667244 0.997668798394 41.3104085464
0.997719658689 0.00519673209914 -0.067293956936 -2.77696601431 -0.00498899599601 0.99998225832 0.00325468330321 -0.50601534686 0.0673096767454 -0.00291153223271 0.997727883943 42.3212274579
0.997709188846 0.00841200765471 -0.0671238602777 -2.86373882492 -0.00835531375946 0.999964460569 0.00112531345681 -0.526067614384 0.0671309408793 -0.000561894662827 0.997744015793 43.3299935323
0.997642699207 0.00771712560385 -0.068187173956 -2.93461595631 -0.0076639944314 0.999970089554 0.0010407630322 -0.533046685909 0.0681931661462 -0.000515723519186 0.997672003276 44.3340735377
0.997575151161 0.00661549614112 -0.0692824147807 -3.012793936 -0.00648661495357 0.999976787945 0.00208504119683 -0.54981451792 0.0692946001755 -0.00163057693937 0.997594907568 45.3347781348
0.997514948897 0.00744663160178 -0.0700605053128 -3.08896082859 -0.0072404924249 0.999968680594 0.00319579405681 -0.570059088017 0.0700821089605 -0.00268057978726 0.997537624602 46.3263480865
0.997497345731 0.0105409310832 -0.0699137613882 -3.17666765123 -0.0105976610071 0.999943746166 -0.000440551466559 -0.589113758538 0.0699051846484 0.00118037126147 0.997552941895 47.2999102325
0.997427141931 0.0119382684399 -0.0706864505188 -3.25552228318 -0.012306146453 0.999912893631 -0.00477115404179 -0.607328404156 0.070623333961 0.00562875635194 0.997487173753 48.2624454501
0.997360266024 0.0129528913084 -0.0714473397852 -3.32779720323 -0.0134438400328 0.999889178299 -0.00639486404923 -0.618012395301 0.0713565898905 0.00733850991618 0.997423873462 49.227031079
0.997360455378 0.0122284422916 -0.0715722519302 -3.39292452796 -0.0124621495224 0.999918368777 -0.00281968288329 -0.64033905978 0.0715319290703 0.00370418430971 0.997431432301 50.2001159759
0.997347356266 0.0110163510606 -0.0719506147248 -3.45299701012 -0.0110345761249 0.999939106815 0.000144194935388 -0.659969843745 0.0719478219248 0.000650132097819 0.997408185373 51.1631640319
0.997315729641 0.0104026692118 -0.0724784097805 -3.51206392431 -0.0103926248638 0.999945862231 0.000515709238222 -0.679278858257 0.0724798507137 0.000238915988377 0.997369848231 52.125846167
0.997318164444 0.00763368080591 -0.0727887751512 -3.57019299998 -0.0076980632141 0.999970187054 -0.000604008667053 -0.699375770193 0.072781994294 0.00116272140752 0.997347196008 53.0683224566
0.997300777783 0.00529384288624 -0.0732334203775 -3.64374345572 -0.00545124186538 0.999983241432 -0.00194956868711 -0.717179971246 0.0732218723799 0.0023435194551 0.997312922468 54.0334683004
0.997217221288 0.00458246325936 -0.0744097748822 -3.70465598942 -0.00467113607047 0.999988572327 -0.00101769478664 -0.734718818261 0.0744042610026 0.0013624409507 0.997227230725 54.9632588462
0.997149209883 0.00233456926766 -0.0754188505302 -3.7724013671 -0.00212308786834 0.999993587082 0.00288414506855 -0.749929184 0.0754251001118 -0.00271580212969 0.997147771743 55.9104463259
0.997103900122 0.00256754903436 -0.0760080262407 -3.8363422964 -0.00196717066888 0.999966282607 0.00797269639974 -0.774484400449 0.0760259337372 -0.00780008591485 0.997075331186 56.8528794572
0.997061871681 0.00547223666952 -0.0764047031671 -3.91467912394 -0.00471266647144 0.999937704772 0.0101181693093 -0.7913109693 0.0764553125358 -0.00972837094659 0.99702554831 57.7990527619
0.996945690921 0.00679442932311 -0.0778018321345 -3.99650112751 -0.00633210665907 0.999960809045 0.00618747118816 -0.804175362981 0.0778408233421 -0.00567592323939 0.996949642719 58.7337400671
0.996807493083 0.00907700111109 -0.079324837125 -4.07533775747 -0.00924220158033 0.999955818107 -0.00171567595714 -0.816392805906 0.079305759211 0.00244333478481 0.996847343715 59.6563969731
0.996705741549 0.0106726046478 -0.0803975141041 -4.15527360371 -0.0112419254475 0.99991481423 -0.00663199791415 -0.828609353022 0.0803198846881 0.00751397325869 0.996740817028 60.5736360101
0.996518465174 0.0162197927802 -0.0817793793622 -4.22671416082 -0.0167376875062 0.999843944601 -0.00565121762804 -0.85244075648 0.0816749556697 0.00700034041328 0.996634434911 61.4711633911
0.996390606041 0.0192036394299 -0.0826860352543 -4.30684390193 -0.0195100085424 0.9998054595 -0.00289874451457 -0.88444488262 0.0826142830272 0.00450148705778 0.996571430884 62.3450717663
0.996304426485 0.0219852257584 -0.0830309557638 -4.42222024933 -0.0221610408431 0.999753698201 -0.00119632887257 -0.908619421741 0.0829842035296 0.00303196015319 0.996546250398 63.2587852975
0.996199300553 0.022674308308 -0.0841001148661 -4.50634156163 -0.0228879182826 0.999736794208 -0.00157654821014 -0.919807531839 0.0840422320886 0.00349543278085 0.996456062842 64.1293772598
0.995984868046 0.0247396526411 -0.086035412541 -4.57299409397 -0.0248801726435 0.999690283056 -0.000561223736628 -0.941495030824 0.0859948814357 0.00269954626674 0.996291921485 64.9761338952
0.995823679891 0.0253566917664 -0.0877053974992 -4.63642441709 -0.0254321340019 0.999676517854 0.000257316661651 -0.963142809374 0.0876835510683 0.00197429339699 0.996146423493 65.8021803375
0.995694998433 0.0253623026162 -0.0891528109514 -4.71835006598 -0.0253995090567 0.999677123083 0.000717303055506 -0.979150135609 0.0891422180238 0.00155022256446 0.996017701537 66.6298039391
0.995581847376 0.0251104071238 -0.0904779123841 -4.79684531558 -0.0250608207662 0.999684509527 0.00168424304137 -0.989950905578 0.0904916594932 0.000590648947008 0.9958970382 67.44393768
0.995365118034 0.0279357310904 -0.0920210667704 -4.86591502825 -0.0276341978136 0.999607749311 0.00454957464364 -1.00347303913 0.0921120671373 -0.00198555954001 0.995746666899 68.2283308614
0.995178619679 0.0295987703447 -0.0935062977996 -4.93409011581 -0.0289080929935 0.999543927742 0.00873262125759 -1.01820153403 0.0937221270224 -0.00598742921704 0.995580390324 69.0159472397
0.994922757195 0.033080520163 -0.095049389272 -5.0217050152 -0.0322271247281 0.999425416776 0.0104999397451 -1.02979899848 0.0953421189559 -0.00738346047822 0.995417181319 69.8003359456
0.994748070856 0.0357436418388 -0.0959096845837 -5.12678147703 -0.0352953033045 0.999356640897 0.00636756310555 -1.03759147073 0.0960755801101 -0.00294895970807 0.995369673309 70.5532773874
0.994614605778 0.0357476538889 -0.0972825329388 -5.20914174799 -0.0359833185089 0.999352167068 -0.00066855549409 -1.05778901717 0.0971956108198 0.00416550342729 0.995256580897 71.2855178796
0.994471944406 0.0351161084124 -0.0989566102812 -5.2788072041 -0.0359298942891 0.999333478484 -0.00645302081011 -1.07005970928 0.098664048593 0.00997284869894 0.995070825522 71.9883584043
0.994373433244 0.0362158983666 -0.0995484001046 -5.35195524062 -0.0371566227839 0.999280465893 -0.00761156153245 -1.08256310924 0.0992011120965 0.0112676169248 0.995003608118 72.6848976186
0.994192646994 0.0388095112037 -0.100373315695 -5.42634052655 -0.0393995474592 0.999215917544 -0.00390202345354 -1.10028738796 0.100143179117 0.00783402624129 0.99494219516 73.3626157955
0.994070272425 0.0390898007434 -0.101470591599 -5.51108498567 -0.0394477602782 0.999220473857 -0.00152277208695 -1.12205722897 0.101331967763 0.00551653003602 0.994837373748 74.0275379369
0.994091650266 0.0359189356458 -0.102428613843 -5.58745860339 -0.036582958138 0.999319981499 -0.00461104670092 -1.14117086964 0.102193336601 0.00833094471673 0.994729670471 74.6697566892
0.994335932392 0.0278324890996 -0.102573905577 -5.64520730859 -0.0289886333406 0.999531722882 -0.00979765734772 -1.1584678478 0.102253179372 0.0127156400932 0.994677133448 75.2882387777
0.994533523121 0.0236976670828 -0.101693126436 -5.70283872046 -0.0252846663034 0.999577362761 -0.0143450864829 -1.17856063653 0.10131020205 0.0168379461666 0.994712383822 75.8859115394
0.994785292585 0.0264113783922 -0.0985122365388 -5.76997140451 -0.0279818452809 0.99950188903 -0.0145941824132 -1.19605438756 0.098077714039 0.017274632183 0.995028818222 76.4693498575
0.995023567097 0.0315021598992 -0.0945289100972 -5.82968945741 -0.0327642296695 0.999393111279 -0.0118285409623 -1.2098344187 0.0940989169791 0.0148668439427 0.995451842519 77.0472975627
0.995471516871 0.0299600897736 -0.0902155868943 -5.87042354429 -0.0308943981559 0.999482336097 -0.00897752712646 -1.22359668168 0.0898999180228 0.0117240288077 0.995881796143 77.6107158416
0.996063502338 0.0265312763146 -0.0845789021413 -5.90494521522 -0.0270261452415 0.999623625308 -0.0047111780854 -1.24209286596 0.0844220752155 0.00697847423752 0.996405647371 78.1537514759
0.996827952739 0.0223623664932 -0.0763803456541 -5.93356998969 -0.0225439349588 0.999744704289 -0.00151566549954 -1.25719862332 0.0763269522121 0.00323277128151 0.997077602575 78.6772353504
0.997487790701 0.0262708710752 -0.065787147196 -5.96544803373 -0.0264657236561 0.999647532449 -0.00209197053486 -1.26655785218 0.0657090014731 0.00382781952485 0.997831486236 79.197004483
0.998220298319 0.0315030826034 -0.0506338998087 -5.99505103547 -0.0316892291863 0.999493628029 -0.00287754818426 -1.27884930511 0.0505176085829 0.00447697626255 0.998713135944 79.7048188937
0.998786009191 0.036830491324 -0.0327112022719 -6.00516106165 -0.036943314357 0.999313295338 -0.00285119019051 -1.28559657176 0.0325837286013 0.00405618910035 0.9994607786 80.1993496964
0.999322236974 0.035233246626 -0.0106623178668 -5.99038197 -0.0352653158522 0.9993739649 -0.00283474461028 -1.2938406839 0.0105557656256 0.00320883333248 0.999939137748 80.677714034
0.999374522098 0.0318280495855 0.0154123275742 -5.95533995464 -0.0317942973147 0.999491479311 -0.00243011182383 -1.30577902497 -0.0154818358064 0.00193856771738 0.999878269949 81.1544139629
0.998514013834 0.0308622824218 0.0449141815031 -5.90914111432 -0.0308265852896 0.999523641243 -0.00148735857581 -1.31859063253 -0.0449386895199 0.000100597534722 0.998989741721 81.6156795863
0.996482163945 0.0304821142754 0.0780649578803 -5.85154224951 -0.0305255701689 0.999533783306 -0.000636864332818 -1.33052697056 -0.0780479756651 -0.001748353401 0.996948071243 82.0666524389
0.992818217175 0.0311454729068 0.115507346794 -5.77180781839 -0.0312262200996 0.999511725448 -0.001110796847 -1.33591236801 -0.115485543789 -0.00250403848882 0.993306004697 82.5151102966
0.987096675958 0.0315397967491 0.156988514017 -5.66645088789 -0.0315653132265 0.999498972635 -0.00233124498708 -1.34151815669 -0.156983385468 -0.00265422744031 0.987597677075 82.9487131613
0.978829046668 0.0310489496382 0.202310800811 -5.55318218795 -0.031070859495 0.999512474735 -0.00306831226852 -1.36021204741 -0.202307437057 -0.00328261729363 0.979316560329 83.3672310417
0.967134168088 0.0332916733694 0.25207769715 -5.43788021267 -0.0328299261843 0.999442710809 -0.00603852283754 -1.3739696848 -0.252138249504 -0.00243563042916 0.967688157849 83.7676414148
0.951543296062 0.0347924028396 0.30554025009 -5.2880589352 -0.0332446164307 0.999394486526 -0.0102691664198 -1.38213708268 -0.305712530327 -0.000386011955479 0.952123783862 84.1544422062
0.931573385677 0.0349333363624 0.361871094603 -5.12373712804 -0.0322939959756 0.999389369288 -0.0133411535166 -1.39768805625 -0.362116176002 0.000741999877504 0.932132675381 84.5166996887
0.907030932509 0.0353433750999 0.419578041976 -4.93719065265 -0.0315153594706 0.99937433178 -0.0160538810671 -1.41500054918 -0.419882923669 0.00133821389588 0.907577291251 84.8637493008
0.877778374658 0.0355822434496 0.477743685394 -4.72228633192 -0.0299465860322 0.999363019694 -0.0194102254638 -1.42398811172 -0.478130031443 0.0027310837834 0.878284813835 85.1928607013
0.844253904923 0.0339261511701 0.534868544868 -4.48615408379 -0.0259442142141 0.999411489212 -0.0224404318012 -1.44165711063 -0.535315086441 0.00506867807184 0.844637239726 85.4943354518
0.807372965158 0.0335518203677 0.589086725773 -4.22822166467 -0.0234935656479 0.999418233517 -0.0247234076862 -1.45705185791 -0.589573530194 0.00612126330818 0.807691514521 85.775830194
0.767104266871 0.0327128499502 0.640687843802 -3.95668650451 -0.0219354843802 0.999452556688 -0.0247673465461 -1.47279757712 -0.641147314018 0.00494533902427 0.76740189298 86.0434267638
0.724317085808 0.0323646132851 0.688706970353 -3.6662272858 -0.0224482821315 0.999475063053 -0.0233596439436 -1.49003178006 -0.689101468461 0.00145950085034 0.724663394978 86.2886561782
0.679021599643 0.0314495677897 0.733444334564 -3.35905470746 -0.0201590762859 0.999503989253 -0.02419477444 -1.50077864804 -0.733841453491 0.0016432141513 0.679318791869 86.5139671538
0.632352360291 0.0303413573086 0.774086490304 -3.038854236 -0.0157790256 0.999529871084 -0.0262880041608 -1.51576565943 -0.774520183588 0.00440895093126 0.632533830215 86.7206778056
0.585433372705 0.0277873757248 0.810244177933 -2.70339840621 -0.00884156931613 0.999571839905 -0.0278919974375 -1.53085991141 -0.810672309121 0.00916507606911 0.585428397505 86.9044072281
0.538231780899 0.0300411990184 0.842261287482 -2.37087720209 -0.00956212146216 0.999517872143 -0.0295396191484 -1.54617658057 -0.842742615431 0.00784535708757 0.538259541958 87.0759962668
0.490278782016 0.0330676963761 0.870938139802 -2.0337259639 -0.0121958067314 0.999442451234 -0.0310813283007 -1.56344477917 -0.871480337244 0.00461672255467 0.49040871492 87.2372033813
0.444378030599 0.0354640170449 0.895137123247 -1.68635937017 -0.0116325592712 0.999360296159 -0.0338183681707 -1.57680369233 -0.895763835777 0.00461540420376 0.444506297547 87.3778337096
0.401854383486 0.0331339991242 0.915103924467 -1.334000189 -0.00341565439373 0.999392423641 -0.0346859751668 -1.59127631665 -0.915697214028 0.0108130324259 0.401723400553 87.4894415885
0.362606459954 0.0256874042914 0.931588274111 -0.959042502723 0.0127845257538 0.999388889799 -0.0325331038664 -1.60233677037 -0.931854662005 0.0237066279066 0.362056466165 87.5813165441
0.327303297214 0.0221394628738 0.9446599366 -0.588933037373 0.0179664755686 0.99939894023 -0.0296473274044 -1.61353167264 -0.94474851542 0.0266758776846 0.326708800251 87.6708282803
0.293905565238 0.0262940989035 0.955472730686 -0.218479520556 0.0163245373932 0.999337672291 -0.0325227031448 -1.62931125473 -0.955695049794 0.0251562537711 0.293281664438 87.7691482911
0.262255526317 0.0341355666566 0.964394526117 0.146009724401 0.00572211818228 0.999301575997 -0.0369271928744 -1.65407531706 -0.964981500486 0.0152027398555 0.261877033016 87.8674182324
0.233826132653 0.0383913008714 0.971520173597 0.533944197011 0.00238778084011 0.999194439409 -0.0400595900832 -1.67706096347 -0.972275495007 0.0116867562811 0.233546101522 87.9548311961
0.208193218066 0.0402322205013 0.977259920587 0.93895110385 0.00461833230461 0.999102082869 -0.0421153061727 -1.70109524781 -0.978076814447 0.0132814321832 0.207820472045 88.0246607056
0.185085487552 0.0418124351136 0.981832512482 1.36006742694 0.0122794309248 0.998918044133 -0.0448548401115 -1.72126416267 -0.982645703127 0.0203583244678 0.184371800314 88.0714383361
0.16515336767 0.04824894664 0.985087003414 1.77549859046 0.0201628682427 0.998428749674 -0.0522827941903 -1.72980622275 -0.986061774886 0.0284968589892 0.163921033234 88.1142534174
0.145373405541 0.0553106564443 0.987829592716 2.21846587463 0.0229693522424 0.997978335768 -0.0592591781606 -1.73728640197 -0.989110197005 0.0313045144093 0.143809059376 88.1725470841
0.128180409714 0.0561346572023 0.990160937841 2.61655076071 0.0219835186048 0.997990713978 -0.0594244034412 -1.75153225328 -0.991507189825 0.0293842657789 0.126688821327 88.2031190439
0.11368214763 0.0517165783639 0.992170229765 3.03379003551 0.0208450851007 0.998300282488 -0.054424520321 -1.77646823311 -0.993298470621 0.0268689692277 0.112410883616 88.1865042416
0.0992812780746 0.0485859233138 0.993872545088 3.50050620822 0.0224378017302 0.998443970475 -0.0510507872125 -1.80040428556 -0.994806399697 0.027368702513 0.0980366321605 88.2312139834
0.0863365815986 0.0462103582268 0.995193748709 3.94940143878 0.0253805863547 0.99849747452 -0.0485656176133 -1.82378076277 -0.995942679332 0.0294515902867 0.0850340126974 88.245945294
0.0747492517949 0.0458136630546 0.996149415316 4.48029341833 0.029805427952 0.998395151086 -0.0481534915833 -1.83957253256 -0.996756833847 0.0332900970948 0.0732637947059 88.2841833379
0.0654034447116 0.0456072907816 0.996816113658 4.88939777172 0.0330799242116 0.998306808586 -0.0478459459566 -1.89554118204 -0.997310437143 0.0361038911737 0.063784018438 88.2590984967
0.0577312745532 0.0462032263181 0.997262433774 5.43062244271 0.0363806930507 0.998167622914 -0.0483512330665 -1.9216638271 -0.997669055906 0.0390724768053 0.055944583694 88.2840210089
0.0525933259306 0.0466236309721 0.997527031765 5.99637732926 0.0389280043776 0.998054533007 -0.0487007147797 -1.94980938595 -0.997856980004 0.0413930692248 0.0506760424403 88.2961837404
0.0479866034819 0.047725735653 0.997707141421 6.4962355549 0.0407002470626 0.997934856598 -0.0496941835173 -1.96468707669 -0.998018424567 0.0429915822317 0.045945055032 88.2697487161
0.0421501855669 0.048313433113 0.997942470305 7.05898988312 0.0417804246031 0.997871196067 -0.050074666049 -2.00158776765 -0.998237325478 0.0438051166049 0.0400419003366 88.2856462019
0.0382306060889 0.0484092737966 0.998095668245 7.62675763941 0.0446458678978 0.997745707315 -0.0501023952962 -2.02616857506 -0.998271089052 0.0464762922925 0.0359831490703 88.2864897072
0.0354751903904 0.0481221950527 0.998211282851 8.18053570622 0.0456797539791 0.997717946767 -0.0497218138725 -2.07115085754 -0.998326034391 0.0473619366335 0.0331960240865 88.2821420317
0.0322483133139 0.0479348342848 0.998329754115 8.80208763731 0.0462213440784 0.997709084031 -0.0493980869445 -2.10043444966 -0.99841055365 0.0477371480536 0.0299588226691 88.2995249102
0.0297240641736 0.047390006168 0.998434107653 9.45298575894 0.0484405931986 0.997633521459 -0.0487941163696 -2.13559611835 -0.998383688238 0.0498150998907 0.0273581228031 88.3239906281
0.0293925303267 0.0471112816405 0.998457112901 10.0459732122 0.0518730827293 0.997470812651 -0.0485917811725 -2.16701247586 -0.998221048891 0.0532212838209 0.0268743837008 88.3107531021
0.0301363027876 0.0471205264513 0.998434504232 10.7679516387 0.0557707626127 0.997252848055 -0.0487481187678 -2.1986387627 -0.997988689962 0.0571525417873 0.0274255660899 88.3495967201
0.0323731041638 0.0473913434989 0.998351662836 11.4860876518 0.0572161612554 0.997149284272 -0.0491895900281 -2.23282508018 -0.997836806807 0.0587142694522 0.0295692668948 88.3806582548
0.036000114237 0.0472346146911 0.998234883657 12.1869283872 0.0589503494323 0.997042604459 -0.0493041701627 -2.28111126786 -0.997611571744 0.0606212509653 0.0331091506183 88.4039193102
0.040621598549 0.0467658402516 0.998079576946 12.9115640233 0.0594812078266 0.997019326785 -0.0491370321992 -2.32028321391 -0.997402562483 0.0613630035397 0.0377188301751 88.4231455879
0.0444326814036 0.0452470018521 0.997987197136 13.6388333693 0.0610703140409 0.99698247135 -0.0479204399334 -2.35796527652 -0.997143998411 0.0630766251781 0.0415353559019 88.4595463686
0.0481131015677 0.0441441498591 0.997865934628 14.4117368038 0.0608863076463 0.997035507703 -0.0470431070365 -2.39040154302 -0.996984446719 0.0630197620724 0.0452826963596 88.5086765388
0.0520373992827 0.0418026149766 0.997769838418 15.1984215391 0.0571531758463 0.997361267326 -0.0447662476481 -2.44736790707 -0.997008336759 0.0593552341325 0.0495109342923 88.557861656
0.0556935864966 0.0406272526184 0.997620995553 15.9806589717 0.054678622015 0.997548287177 -0.0436768021335 -2.50248695094 -0.996949583839 0.0569810590876 0.053335599627 88.6066564464
0.0598553342165 0.0414230207417 0.997347217532 16.7598798458 0.0511035696067 0.997701237093 -0.0445046815155 -2.55508102477 -0.996898071088 0.0536318455395 0.0576008767706 88.6461206991
0.0631142845725 0.0457567158029 0.996956824563 17.553513076 0.0488983196598 0.99760688117 -0.0488821539772 -2.59475230179 -0.99680767524 0.0518346756711 0.0607258180738 88.6952623746
0.0643658816802 0.050739873454 0.99663558963 18.3433837817 0.0425737056059 0.997657652929 -0.053541452576 -2.65179500366 -0.997017809704 0.0458767129908 0.0620549300108 88.7479549623
0.0641900206017 0.0541240880862 0.99646887776 19.1655038416 0.0404820126655 0.997565008602 -0.0567913749113 -2.69224847402 -0.997116265992 0.0439845052558 0.0618426664342 88.8086600991
0.0642595697919 0.0537767010566 0.996483203127 19.9769289187 0.0373549091933 0.997717545796 -0.0562521961411 -2.74829653922 -0.997233833386 0.0408382814893 0.062104076482 88.861163898
0.0639161454773 0.0518058625139 0.996609692385 20.7844621192 0.0342860837978 0.997948110763 -0.0540743255397 -2.81122916325 -0.997366126758 0.0376260658847 0.062008776483 88.924225536
0.0634736856444 0.0506118938824 0.996699316458 21.6083412843 0.035276596862 0.997975296569 -0.0529232382886 -2.86595727186 -0.997359841253 0.0385193929697 0.0615597548784 88.9867156331
0.0640276503388 0.050184391334 0.996685500476 22.4133310069 0.0327406321064 0.998091500033 -0.0523584622674 -2.91544495036 -0.997410903791 0.0359845026112 0.062262384876 89.0382255453
0.0642154985516 0.0506835682329 0.996648155397 23.2239116099 0.0309784747799 0.998126880632 -0.0527547558055 -2.96781238973 -0.9974551137 0.0342623126914 0.0625251156173 89.0917899304
0.0642911527556 0.0514238522071 0.996605355746 24.0288652271 0.0282851873853 0.998176288422 -0.0533295922292 -3.01928741666 -0.997530248089 0.0316177901969 0.0627193709401 89.1475132438
0.0626189429797 0.0527187798246 0.996644168314 24.8487510179 0.0248113570379 0.998213060986 -0.0543606607596 -3.07661153148 -0.997729053672 0.0281321014163 0.0611990222787 89.215142995
0.0599573238792 0.0526947132392 0.996809102341 25.6518804838 0.0224253624442 0.998282509841 -0.0541214713833 -3.12364327049 -0.997949007932 0.0255987839962 0.0586726497222 89.2638914305
0.0561332996075 0.0514740556885 0.997095519129 26.4533459511 0.0198076241689 0.998416177067 -0.0526573394358 -3.17807431832 -0.998226783201 0.0227059235145 0.0550248156507 89.3080512392
0.0511855290653 0.0491846066657 0.997477275972 27.2568817767 0.0179222041296 0.998580443123 -0.0501586803275 -3.22943372499 -0.998528335208 0.0204443899444 0.0502313717348 89.3527726534
0.0447831407269 0.0472498989405 0.99787870874 28.0777612652 0.0157918768178 0.998722561082 -0.0479985688672 -3.28050942624 -0.99887190717 0.0179079043118 0.0439797684163 89.396723094
0.0371328937181 0.0477391097918 0.998169387229 28.9017137629 0.0156934535882 0.998707226393 -0.0483486449217 -3.32913802074 -0.999187101457 0.0174600500449 0.0363356977893 89.4337842403
0.0287768853335 0.0487094620699 0.998398356957 29.6969730759 0.0158941423102 0.998663433526 -0.0491805121718 -3.37948838544 -0.999459487478 0.0172839475271 0.0279642279913 89.4494928678
0.0188366582465 0.0494545574852 0.998598731749 30.5028069881 0.0163035366091 0.99862795115 -0.0497635396319 -3.4229632498 -0.999689639338 0.01721806977 0.0180045292428 89.4619665961
0.00880169152218 0.0488320729993 0.998768220796 31.2972344033 0.0182547840537 0.998632617074 -0.0489863141576 -3.46426386366 -0.999794625453 0.0186634606163 0.00789823729198 89.4631302284
-0.00198620105802 0.0481311895556 0.998839047894 32.0927796966 0.0170030915589 0.998698247544 -0.0480905939793 -3.51098027845 -0.999853464205 0.0168878341953 -0.00280199453877 89.4607755211
-0.0129013393816 0.0473182706557 0.998796544199 32.8795145657 0.0184322369554 0.998721204852 -0.0470766143609 -3.56242388507 -0.999746872005 0.0178027031941 -0.0137570227884 89.4461135091
-0.0241040158268 0.0476580681528 0.998572834079 33.648485557 0.0187563537473 0.998708788617 -0.0472118071474 -3.6116920998 -0.999533488991 0.0175915911717 -0.0249667840324 89.4277125637
-0.0349474407888 0.0483288056489 0.998219917116 34.4257636083 0.0198110997341 0.998667282848 -0.0476568829874 -3.65984528697 -0.999192772547 0.0181103482382 -0.0358583125238 89.39582715
-0.0459440162609 0.0496737256872 0.997708208018 35.2066005357 0.0196220028124 0.998615063131 -0.0488152915907 -3.70537003354 -0.99875128254 0.017334262713 -0.046855084684 89.367829429
-0.0564120209027 0.0509083320281 0.997108833392 35.9864065915 0.020897315766 0.998540608282 -0.0497991546693 -3.75018124761 -0.998188852919 0.0180276271904 -0.0573935411561 89.3277926938
-0.0661402396515 0.0515934440431 0.996475581854 36.7566822819 0.0216493565498 0.998501426863 -0.0502613759688 -3.79862532444 -0.997575447803 0.0182487557129 -0.0671580885308 89.2805238408
-0.0764841580595 0.0518822270183 0.995720045036 37.5364962095 0.0216318591518 0.998496569846 -0.0503652923624 -3.85151261238 -0.996836113027 0.0176871287871 -0.0774914784974 89.2394602063
-0.0858316425297 0.0525626375273 0.994922156893 38.2897254274 0.0232571769035 0.99844095371 -0.0507421489191 -3.89404088392 -0.996038168377 0.0187837986208 -0.0869202855853 89.1757913997
-0.094335532841 0.0524436704196 0.994158170854 39.0207226147 0.0245537717131 0.998430310201 -0.0503391295817 -3.93162799354 -0.995237619636 0.0196615641621 -0.0954751452286 89.1037677643
-0.101712239586 0.0514646625027 0.993481760694 39.7513254185 0.0273159418758 0.998428889905 -0.0489243407885 -3.97964307596 -0.994438766158 0.0221616857579 -0.10295824419 89.0264930761
-0.106879643073 0.050064071807 0.993010740431 40.4740163115 0.0304754885693 0.998427204096 -0.0470570155957 -4.02143120511 -0.993804803014 0.0252330504382 -0.108237270256 88.9447783512
-0.110566411621 0.0487530146643 0.992672258191 41.1803970155 0.0343095144601 0.998388055592 -0.0452122513209 -4.06220407096 -0.993276359247 0.0290591468067 -0.112060876973 88.8618515706
-0.113249459168 0.0477183915786 0.992420029576 41.887571849 0.0361932806827 0.998381211915 -0.0438748461886 -4.10378884417 -0.992907148948 0.0309501340836 -0.114793217433 88.7779241244
-0.11513348673 0.0472389043986 0.992226166831 42.5843220076 0.0369539179686 0.998380873301 -0.0432439565066 -4.13857719638 -0.99266242408 0.0316878168828 -0.116692733626 88.6998083504
-0.115888463869 0.0477421636882 0.99211418181 43.2409749675 0.0376787820965 0.998336531061 -0.0436403497683 -4.17761268681 -0.992547315407 0.0323242409739 -0.117494553591 88.6229322513
-0.114854284072 0.0486894857941 0.992188403179 43.8578795843 0.0380050766715 0.998282237125 -0.0445891151207 -4.21927426226 -0.992655079863 0.0325869454408 -0.116507439288 88.5532240097
-0.111538037606 0.0507070275244 0.992465648537 44.4821873943 0.0396447398535 0.998129368465 -0.0465409326188 -4.24960641422 -0.992969063349 0.0341549581571 -0.11333965795 88.4731932499
-0.10648602772 0.0512330295845 0.992993405104 45.0975289537 0.0394243455697 0.998103886601 -0.0472689382973 -4.2897098032 -0.993532307918 0.0341146336774 -0.108303946799 88.4137067973
-0.0983928702768 0.051851218921 0.99379590167 45.6936099062 0.038307961228 0.998098820581 -0.0482829624377 -4.3289422499 -0.99441004781 0.03331959561 -0.100192122261 88.3562280724
-0.0871571168719 0.0517163523073 0.994851273248 46.2371182321 0.036475745847 0.998147582316 -0.0486921336692 -4.3702112058 -0.995526572696 0.0320440762136 -0.0888820580102 88.3111363306
-0.0732903849835 0.0521036938748 0.995948655581 46.8036581136 0.0358500899169 0.998126568343 -0.0495794778143 -4.40868315405 -0.996666087776 0.0320711498389 -0.0750210025666 88.2741175769
-0.056040290713 0.0535421884974 0.996991835407 47.3506994297 0.0344296996786 0.998070808049 -0.0516648613659 -4.4441422499 -0.997834696529 0.0314308156245 -0.0577756197053 88.2552168011
-0.0347658893404 0.0564768285198 0.997798426927 47.8910961223 0.0321038912089 0.997949826378 -0.0553668149756 -4.47649485752 -0.998879709028 0.0301083355839 -0.0365077391898 88.2518122849
-0.00988741451105 0.0595719948343 0.998175042999 48.4078013296 0.0293447276795 0.997811197584 -0.0592596062551 -4.51867839575 -0.999520448011 0.0287052505224 -0.01161389688 88.2564921153
0.018635896347 0.061257683942 0.997947994399 48.9287185953 0.026960229677 0.997727607026 -0.0617476169128 -4.56166427731 -0.999462780389 0.0280556293232 0.0169420270385 88.278039188
0.0520869945291 0.0605955660152 0.996802449024 49.4440286994 0.0232645530424 0.99781287565 -0.061872657601 -4.60271132273 -0.998371526824 0.0264129242261 0.0505633450354 88.3164190542
0.0904732827227 0.0581515095784 0.994199671619 49.9618430296 0.0209460907849 0.997961854253 -0.0602776802596 -4.64428541182 -0.995678585887 0.0262781161881 0.0890708381874 88.375707753
0.132811634285 0.054498547366 0.989641843362 50.4920215276 0.0167283662708 0.998221664048 -0.0572160046415 -4.68217789833 -0.991000116832 0.0241540423163 0.13166377892 88.463472738
0.178649341656 0.0505733000813 0.982612209391 50.9705093279 0.0130488800688 0.998468523934 -0.0537618214098 -4.71529132822 -0.983826275038 0.0224265028756 0.177715819538 88.5681873078
0.227187707619 0.0476636452083 0.972683875898 51.4617292948 0.00737942629115 0.998688616782 -0.050661531529 -4.74899201003 -0.973823027852 0.0186875261793 0.226538047116 88.7060885798
0.279186735676 0.0461031296658 0.95912943238 51.9427695663 0.00181991640289 0.998819547966 -0.0485406891714 -4.7846357432 -0.960235103778 0.0152974519437 0.278773265284 88.8629010607
0.334679624651 0.0455440111389 0.941230732548 52.4261782699 -0.000875333661773 0.998845960414 -0.0480206326066 -4.81987036903 -0.942331567249 0.0152476363526 0.334333257321 89.045859778
0.393158765075 0.0465620512769 0.918290891181 52.8791573946 -0.000524101773733 0.998728155104 -0.0504162426178 -4.84283640385 -0.919470451272 0.0193403098025 0.39268313136 89.2605855404
0.453791307439 0.0503473106631 0.88968454949 53.3099271085 -0.00157406823902 0.998446349267 -0.055699281359 -4.86937914495 -0.89110659946 0.0238754255192 0.453165524345 89.494735345
0.513891105487 0.0536404000764 0.856176756973 53.7033579224 -0.00243943167124 0.998130518668 -0.0610697705651 -4.89536493108 -0.857851957434 0.0292946272104 0.51306124775 89.7605745483
0.57233128898 0.0580581988215 0.817964633223 54.0666965689 -0.00891332767381 0.997872003895 -0.0645911482452 -4.92130349894 -0.819974053397 0.0296767483304 0.571630861977 90.0523721569
0.628236439791 0.0609483552177 0.775631532182 54.4092541754 -0.0148051061464 0.997682889746 -0.0664052734393 -4.9491901701 -0.777881600599 0.0302349054044 0.627683093563 90.3743964332
0.681101473867 0.0614994231881 0.72960167437 54.7208872981 -0.0181839531348 0.997579693077 -0.0671125905376 -4.98090181603 -0.731963199994 0.0324434416764 0.680571301883 90.7064282426
0.729988611968 0.0591734773328 0.68089288877 55.0139352978 -0.0202906640954 0.997682171146 -0.0649505529432 -5.01302297465 -0.683158045658 0.0335973950986 0.729497292452 91.0680874216
0.775036294747 0.0553548021848 0.629487559607 55.2835753297 -0.0239894837014 0.998015179599 -0.0582254751885 -5.04542513082 -0.631461199518 0.0300257749985 0.774825920022 91.4517631403
0.815973545371 0.0501305276969 0.575911541339 55.5050115457 -0.0262168551154 0.998416922574 -0.0497626890869 -5.07433482233 -0.577494458642 0.0255064484029 0.815996060853 91.810147897
0.851902428188 0.0478201405826 0.521512691122 55.7125619642 -0.0302577205987 0.998653231008 -0.0421449230763 -5.09684304728 -0.522825710147 0.0201235770079 0.852202040867 92.2261696294
