1 -4.36218606638e-46 -3.87419519889e-43 -3.06988933762e-43 4.36218606638e-46 1 -1.46936793815e-43 -2.44692467518e-43 3.87419519889e-43 1.46936793815e-43 1 4.64680350487e-42
0.999991566206 -0.00215472373354 -0.0034963812148 -0.00258306130654 0.0021462116479 0.999994728681 -0.00243647004881 -0.00024184804026 0.0035016127041 0.00242894552604 0.999990919425 0.681122146922
0.999970839224 -0.00129587377095 -0.00752604892242 -0.0184525885169 0.00127004701399 0.99999329243 -0.00343541486558 -0.015574615901 0.00753045030494 0.00342575625026 0.999965777671 1.373811188
0.999935402683 -0.00117459847556 -0.0113053429248 -0.0369564783058 0.00111866266313 0.999987109174 -0.00495278505575 -0.0184321631551 0.0113110147234 0.0049398182541 0.99992382667 2.08248653714
0.999860058006 0.000225899695177 -0.0167276230911 -0.0431789668983 -0.000324528903975 0.999982579291 -0.00589370817196 -0.0184404795257 0.0167260002971 0.00589831199187 0.999842713045 2.81448829288
0.999778198412 -0.000768923471937 -0.021046679952 -0.0681751471353 0.000640076330299 0.999981018645 -0.00612802193361 -0.0271826154437 0.0210509924374 0.00611319124694 0.999759713436 3.55911758241
0.999663753377 0.000681125129161 -0.0259213474477 -0.0883021010488 -0.000859948337677 0.99997590656 -0.00688816292435 -0.047140013828 0.0259160312124 0.00690813782248 0.99964025377 4.32104892541
0.999510721166 0.00323926076912 -0.0311098933508 -0.113004180075 -0.00348059452896 0.999964247467 -0.00770644205307 -0.0515888608285 0.0310838179179 0.00781095237868 0.999486260679 5.09335187361
0.99935609936 0.00319460877803 -0.0357376712533 -0.145356208412 -0.00341334558418 0.999975804649 -0.00606128597171 -0.060417681693 0.0357174431305 0.00617936812815 0.999342823893 5.89383363483
0.999188502673 0.00212367857907 -0.0402222092333 -0.18258411607 -0.00226525253605 0.999991398038 -0.00347454754636 -0.0640520103369 0.0402144844212 0.00356284142179 0.99918471836 6.68881959325
0.999054534355 0.00158801485869 -0.0434455474477 -0.23490150785 -0.00163642900788 0.99999807912 -0.00107882199493 -0.067407333205 0.0434437508086 0.0011488975599 0.999055213965 7.50727698578
0.99892941753 0.00361577520241 -0.0461188135352 -0.285990608281 -0.00369433243965 0.999991866562 -0.00161824541117 -0.0850392680108 0.046112587219 0.00178689117493 0.998934650675 8.33573679819
0.998844578898 0.0029247426517 -0.0479682508273 -0.348350727571 -0.0030100942282 0.999994012391 -0.00170719509088 -0.0936503770527 0.0479629705059 0.0018496115166 0.998847401958 9.16836582013
0.998741877813 -2.17228755936e-05 -0.0501463959961 -0.384340671169 -8.55541923487e-05 0.999997712675 -0.00213713026627 -0.105263602227 0.0501463277196 0.00213873172967 0.998739591507 10.0099662904
0.998640681479 -0.000149812119043 -0.0521226136273 -0.432489279057 8.5057130427e-05 0.999999221899 -0.00124457480669 -0.115830507997 0.052122759523 0.00123844963316 0.998639917178 10.8449185029
0.998568026792 -0.00130380431715 -0.0534807999531 -0.489253669644 0.00123054833867 0.999998259135 -0.00140266826691 -0.132307575193 0.0534825356552 0.001334848974 0.998567892814 11.706070222
0.998459317525 0.00104396636512 -0.0554788372393 -0.545812098028 -0.00124812278099 0.999992576685 -0.00364537569153 -0.142663287307 0.0554746197528 0.00370900372571 0.998453208646 12.5750813554
0.998398660544 0.00185159622191 -0.0565392449163 -0.605637795061 -0.00221208048303 0.999977620403 -0.00631390475534 -0.15568464784 0.0565262887886 0.00642886341074 0.998380412664 13.4362801844
0.99827621781 0.00601518382899 -0.0583815940091 -0.663263276257 -0.0064713961097 0.999949963043 -0.00762839714134 -0.173926556237 0.0583327865606 0.00799305786656 0.998265193743 14.3139189418
0.998191531959 0.00698539020251 -0.0597065310433 -0.713764608748 -0.0074424229834 0.999944658806 -0.0074357020723 -0.184929929434 0.0596512855322 0.00786661610164 0.998188279076 15.1967897161
0.998105476319 0.00570910110457 -0.0612606260699 -0.775770453378 -0.00609134860654 0.999963117048 -0.0060547514789 -0.195295414341 0.0612237994089 0.00641644043809 0.998103439368 16.0994225115
0.998023110095 0.00546302219888 -0.0626101198318 -0.850510393136 -0.0057696316458 0.99997222849 -0.00471737216816 -0.199224552092 0.0625826099454 0.00506928377147 0.998026913111 17.0231796272
0.99795722434 0.00497698559862 -0.0636915065125 -0.9153914348 -0.00528556498612 0.999975092388 -0.00467732897421 -0.211575476918 0.0636666411103 0.00500441983716 0.99795867379 17.9403765021
0.997842288184 0.00407269999214 -0.0655300009688 -0.975864982939 -0.00443402383878 0.99997575432 -0.00536937648694 -0.223227893266 0.0655065442898 0.0056483525063 0.997836153268 18.8466839319
0.997766656895 0.00285028971163 -0.0667351049874 -1.0263295186 -0.00327386571343 0.999975180393 -0.00623862177985 -0.235334879125 0.0667156667689 0.00644317056902 0.997751224184 19.7424615044
0.997749005635 0.00395854493475 -0.0669421517231 -1.11992953528 -0.00431970514571 0.999976882141 -0.00525122188423 -0.237704853565 0.0669198169661 0.00552857177062 0.99774303956 20.7019376521
0.997754994442 0.0044218613135 -0.0668237847533 -1.20193083096 -0.00454914111147 0.999988116675 -0.00175266183644 -0.247675449807 0.066815240637 0.00205271792732 0.997763253466 21.6504741535
0.997793533152 0.00499654024131 -0.0662049830897 -1.26987213865 -0.00488645822219 0.999986396636 0.00182457349579 -0.254224444128 0.0662131990341 -0.00149703975089 0.997804375189 22.5963158984
0.997910235991 0.00413038882038 -0.0644833373275 -1.34995596886 -0.00384221468739 0.999982073739 0.00459234004953 -0.265665682473 0.0645011495323 -0.0043349843168 0.997908217032 23.5487695123
0.998025790931 0.00477441933641 -0.0626236820724 -1.43610831224 -0.00447254601165 0.999977698454 0.00495973054358 -0.26821882059 0.0626459653009 -0.00466985169908 0.998024887223 24.5161139956
0.998140461495 0.00655145146459 -0.0606027854982 -1.51719886601 -0.0064391027758 0.999977169592 0.00204896317903 -0.28907772499 0.0606148255947 -0.00165492548878 0.99815985901 25.4734306255
0.998197160862 0.00686383700569 -0.0596264688522 -1.59455545244 -0.00706465836029 0.999970058899 -0.00315783286313 -0.286590943076 0.05960300872 0.00357338043013 0.998215764404 26.4454103118
0.998282763443 0.00620983163696 -0.0582491390842 -1.65876470125 -0.00657620314437 0.999959770057 -0.0061001490788 -0.298635931861 0.058208914826 0.0064727318514 0.998283439699 27.3910298647
0.998353560967 0.00348327003666 -0.0572541189345 -1.73066791902 -0.00378400190032 0.999979604914 -0.00514500584934 -0.310382705422 0.0572350297871 0.00535318460573 0.998346380161 28.3684621793
0.998357176302 0.00315482882623 -0.0572101003502 -1.78484488302 -0.00319022740358 0.999994772122 -0.000527425909804 -0.330083330051 0.0572081373243 0.000709072671918 0.998362021633 29.3281097685
0.998312114168 -0.0011228964174 -0.0580660125048 -1.8525447605 0.00128113283093 0.999995566781 0.00268795770342 -0.333564083504 0.0580627367874 -0.00275781101268 0.998309127012 30.3336116088
0.998218864199 -0.0086690502831 -0.0590249669572 -1.92120651139 0.00879306518447 0.999959644358 0.00184164615185 -0.338528092525 0.0590066196436 -0.00235737631192 0.99825480796 31.3353411247
0.998147833376 -0.0102500312595 -0.059965319868 -2.00586116038 0.0101425419239 0.999946365049 -0.00209663274652 -0.356394673547 0.0599835941822 0.00148454866258 0.998198259137 32.3341128973
0.998053838299 -0.00947715967004 -0.0616337513212 -2.06901681433 0.00910410848299 0.99993851665 -0.00633072883653 -0.368529185231 0.0616899591997 0.00575728785629 0.998078755695 33.3372020979
0.997947283848 -0.00788137426274 -0.0635539345759 -2.14428655839 0.00743971028697 0.999946525478 -0.00718309793979 -0.384901663147 0.0636071487428 0.00669553021778 0.997952554235 34.3244213032
0.997920416332 -0.00769036554645 -0.0639976635941 -2.23869242192 0.00732478656763 0.999955500955 -0.00594504939774 -0.400543469806 0.0640405353622 0.00546391694346 0.997932340112 35.3514508125
0.997865540493 -0.00379214368833 -0.0651918916888 -2.31128147488 0.00357432992479 0.999987635109 -0.00345742592743 -0.416624308808 0.0652041966541 0.00321702886247 0.997866756368 36.3415098914
0.997815009901 -0.0025233445061 -0.0660215021743 -2.40338406291 0.0023816862496 0.999994690111 -0.00222425745943 -0.448153978805 0.0660267641753 0.002062154975 0.997815721428 37.357173943
0.997737090846 -0.00125531821578 -0.0672244131764 -2.46335393073 0.00127887889938 0.999999134973 0.000307444598537 -0.461549789658 0.0672239690846 -0.000392720762875 0.997737833176 38.3337840868
0.997741484161 -0.00126749523375 -0.0671589475859 -2.5345906468 0.00150028479418 0.999993040275 0.00341592554867 -0.479177159808 0.0671541505087 -0.00350896817457 0.997736441758 39.3366744868
0.997687170179 0.00399964766459 -0.0678550902921 -2.60952559875 -0.00360439042081 0.99997582376 0.00594644981324 -0.487237581725 0.0678772335152 -0.00568812044933 0.997677466146 40.3135578621
0.997675945625 0.00359566247717 -0.0680424774147 -2.68341189513 -0.00324834321911 0.999981128969 0.00521440053265 -0.49028532263 0.0680599426073 -0.00498125666216 0.997668798397 41.3104085463
0.997719658692 0.00519673206591 -0.0672939568979 -2.77696601292 -0.00498899596368 0.999982258321 0.0032546832903 -0.506015347454 0.0673096767071 -0.0029115322222 0.997727883945 42.3212274578
0.997709188849 0.0084120076204 -0.0671238602387 -2.86373882349 -0.00835531372598 0.99996446057 0.00112531344353 -0.526067614991 0.0671309408402 -0.000561894652157 0.997744015796 43.3299935322
0.99764269921 0.00771712556837 -0.0681871739163 -2.93461595483 -0.0076639943968 0.999970089554 0.00104076301852 -0.53304668653 0.0681931661064 -0.000515723508206 0.997672003278 44.3340735376
0.997575151164 0.00661549610443 -0.0692824147404 -3.01279393449 -0.00648661491783 0.999976787946 0.00208504118274 -0.549814518555 0.069294600135 -0.00163057692806 0.997594907571 45.3347781347
0.997514948899 0.00744663157203 -0.0700605052883 -3.08896082614 -0.00724049239552 0.999968680595 0.0031957940514 -0.570059088911 0.0700821089358 -0.00268057978411 0.997537624603 46.3263480855
0.997497345733 0.0105409310524 -0.0699137613628 -3.17666764876 -0.0105976609766 0.999943746166 -0.000440551472326 -0.589113759437 0.069905184623 0.00118037126482 0.997552941897 47.2999102316
0.997427141933 0.011938268408 -0.0706864504926 -3.25552228069 -0.0123061464213 0.999912893631 -0.00477115404795 -0.607328405061 0.0706233339349 0.00562875635553 0.997487173755 48.2624454492
0.997360266027 0.0129528912754 -0.0714473397583 -3.32779720071 -0.01344384 0.999889178299 -0.00639486405577 -0.618012396212 0.0713565898638 0.00733850992001 0.997423873464 49.2270310781
0.997360455381 0.0122284422574 -0.0715722519028 -3.39292452541 -0.0124621494884 0.999918368777 -0.00281968289021 -0.640339060698 0.0715319290429 0.00370418431384 0.997431432303 50.200115975
0.997347356268 0.0110163510251 -0.0719506146969 -3.45299700754 -0.0110345760898 0.999939106815 0.000144194928102 -0.659969844669 0.0719478218968 0.000650132102253 0.997408185375 51.163164031
0.997315729643 0.0104026691751 -0.072478409752 -3.51206392171 -0.0103926248276 0.999945862231 0.000515709230555 -0.679278859188 0.0724798506851 0.0002389159931 0.997369848233 52.1258461661
0.997318164446 0.0076336807681 -0.072788775122 -3.57019299735 -0.00769806317674 0.999970187054 -0.000604008675089 -0.699375771131 0.0727819942648 0.0011627214126 0.99734719601 53.0683224557
0.997300777786 0.0052938428473 -0.0732334203477 -3.64374345306 -0.00545124182688 0.999983241432 -0.00194956869552 -0.717179972191 0.0732218723501 0.00234351946052 0.99731292247 54.0334682995
0.99721722129 0.00458246321923 -0.0744097748518 -3.70465598673 -0.00467113603084 0.999988572327 -0.00101769479545 -0.734718819214 0.0744042609722 0.0013624409564 0.997227230727 54.9632588453
0.997149209886 0.00233456922623 -0.0754188504994 -3.77240136438 -0.00212308782758 0.999993587082 0.00288414505933 -0.749929184961 0.0754251000808 -0.00271580212365 0.997147771745 55.910446325
0.997103900125 0.00256754899162 -0.0760080262095 -3.83634229365 -0.00196717062698 0.999966282608 0.00797269639014 -0.774484401419 0.0760259337056 -0.00780008590855 0.997075331188 56.8528794563
0.997061871684 0.00547223662554 -0.0764047031355 -3.91467912116 -0.00471266642841 0.999937704772 0.0101181692993 -0.79131097028 0.0764553125037 -0.00972837094011 0.997025548313 57.799052761
0.996945690924 0.00679442927809 -0.0778018321022 -3.9965011247 -0.00633210661491 0.999960809045 0.00618747117777 -0.80417536397 0.0778408233094 -0.00567592323269 0.996949642721 58.7337400662
0.996807493086 0.00907700106518 -0.0793248370918 -4.07533775463 -0.00924220153506 0.999955818107 -0.00171567596796 -0.816392806905 0.0793057591778 0.0024433347917 0.996847343717 59.6563969722
0.996705741552 0.0106726046009 -0.0803975140701 -4.15527360084 -0.0112419254011 0.99991481423 -0.00663199792537 -0.828609354032 0.0803198846544 0.00751397326579 0.996740817031 60.5736360092
0.996518465178 0.0162197927321 -0.0817793793278 -4.22671415792 -0.0167376874586 0.999843944602 -0.00565121763969 -0.852440757499 0.0816749556354 0.00700034042044 0.996634434914 61.4711633902
0.996390606045 0.0192036393806 -0.0826860352195 -4.306843899 -0.0195100084937 0.999805459501 -0.00289874452662 -0.88444488365 0.0826142829924 0.00450148706509 0.996571430887 62.3450717654
0.996304426489 0.0219852257079 -0.0830309557285 -4.42222024636 -0.0221610407933 0.999753698202 -0.00119632888499 -0.908619422784 0.0829842034943 0.00303196016066 0.996546250401 63.2587852967
0.996199300557 0.0226743082563 -0.0841001148304 -4.50634155863 -0.0228879182317 0.999736794209 -0.00157654822297 -0.919807532894 0.0840422320527 0.00349543278854 0.996456062845 64.1293772589
0.99598486805 0.0247396525883 -0.0860354125048 -4.57299409094 -0.0248801725915 0.999690283058 -0.000561223749916 -0.94149503189 0.0859948813993 0.0026995462746 0.996291921488 64.9761338944
0.995823679896 0.0253566917124 -0.0877053974627 -4.63642441403 -0.0254321339488 0.999676517855 0.000257316647905 -0.963142810449 0.0876835510315 0.00197429340509 0.996146423496 65.8021803366
0.995694998438 0.025362302561 -0.0891528109144 -4.71835006289 -0.0253995090025 0.999677123085 0.000717303041324 -0.979150136696 0.0891422179866 0.0015502225728 0.996017701541 66.6298039383
0.995581847381 0.0251104070674 -0.0904779123467 -4.79684531245 -0.0250608207109 0.999684509528 0.00168424302674 -0.989950906677 0.0904916594555 0.000590648955617 0.995897038204 67.4439376791
0.995365118039 0.0279357310327 -0.0920210667327 -4.86591502509 -0.0276341977572 0.999607749312 0.00454957462857 -1.00347304024 0.0921120670991 -0.00198555953127 0.995746666903 68.2283308605
0.995178619684 0.0295987702857 -0.0935062977618 -4.93409011262 -0.0289080929359 0.999543927744 0.00873262124207 -1.01820153516 0.0937221269837 -0.00598742920812 0.995580390328 69.0159472388
0.994922757201 0.0330805201028 -0.0950493892338 -5.02170501198 -0.0322271246694 0.999425416778 0.0104999397292 -1.02979899962 0.0953421189168 -0.00738346046919 0.995417181322 69.8003359448
0.994748070862 0.0357436417777 -0.0959096845449 -5.12678147379 -0.0352953032448 0.999356640899 0.00636756308917 -1.03759147188 0.0960755800706 -0.00294895969892 0.995369673313 70.5532773866
0.994614605782 0.0357476538274 -0.0972825329135 -5.20914174428 -0.0359833184474 0.99935216707 -0.000668555498323 -1.05778901865 0.0971956107946 0.00416550342461 0.995256580899 71.2855178788
