1 -1.297217392e-24 2.6748117447e-23 9.27310434974e-26 1.297217392e-24 1 -3.27047346687e-25 -2.61485079488e-27 -2.6748117447e-23 3.27047346687e-25 1 1.0218424692e-25
0.999991566206 -0.00215472373358 -0.003496381214 -0.00258306130651 0.00214621164794 0.999994728681 -0.00243647004882 -0.000241848040263 0.0035016127033 0.00242894552605 0.999990919425 0.681122146922
0.999970839224 -0.00129587377102 -0.00752604892089 -0.0184525885163 0.00127004701407 0.99999329243 -0.0034354148656 -0.015574615901 0.00753045030341 0.00342575625028 0.999965777671 1.373811188
0.999935402684 -0.00117459847565 -0.0113053429226 -0.0369564783041 0.00111866266324 0.999987109174 -0.00495278505578 -0.0184321631551 0.0113110147211 0.00493981825413 0.99992382667 2.08248653714
0.999860058006 0.000225899695059 -0.0167276230881 -0.0431789668953 -0.00032452890384 0.999982579291 -0.00589370817199 -0.018440479526 0.0167260002942 0.0058983119919 0.999842713045 2.81448829288
0.999778198412 -0.000768923472083 -0.0210466799484 -0.0681751471301 0.000640076330466 0.999981018645 -0.00612802193365 -0.027182615444 0.0210509924338 0.00611319124698 0.999759713436 3.55911758241
0.999663753377 0.000681125128993 -0.0259213474435 -0.0883021010408 -0.000859948337481 0.99997590656 -0.0068881629244 -0.0471400138284 0.0259160312082 0.00690813782252 0.99964025377 4.32104892541
0.999510721166 0.00323926076893 -0.0311098933459 -0.113004180064 -0.00348059452873 0.999964247467 -0.00770644205313 -0.0515888608289 0.0310838179131 0.00781095237872 0.999486260679 5.09335187361
0.99935609936 0.0031946087778 -0.0357376712479 -0.145356208397 -0.00341334558393 0.999975804649 -0.00606128597178 -0.0604176816935 0.035717443125 0.0061793681282 0.999342823893 5.89383363483
0.999188502673 0.0021236785788 -0.0402222092271 -0.182584116051 -0.00226525253576 0.999991398038 -0.00347454754644 -0.0640520103374 0.040214484415 0.00356284142184 0.99918471836 6.68881959325
0.999054534356 0.00158801485835 -0.0434455474405 -0.234901507826 -0.00163642900754 0.99999807912 -0.00107882199502 -0.0674073332056 0.0434437508014 0.00114889755997 0.999055213965 7.50727698578
0.998929417531 0.00361577520202 -0.0461188135266 -0.28599060825 -0.00369433243924 0.999991866562 -0.00161824541129 -0.0850392680115 0.0461125872105 0.00178689117499 0.998934650676 8.3357367982
0.998844578898 0.00292474265126 -0.0479682508179 -0.348350727533 -0.00301009422776 0.999994012391 -0.00170719509101 -0.0936503770534 0.0479629704965 0.00184961151668 0.998847401958 9.16836582013
0.998741877813 -2.17228760493e-05 -0.0501463959862 -0.384340671123 -8.55541918782e-05 0.999997712675 -0.0021371302664 -0.105263602228 0.0501463277097 0.00213873172978 0.998739591507 10.0099662904
0.99864068148 -0.000149812119657 -0.0521226136144 -0.432489279003 8.50571310484e-05 0.999999221899 -0.00124457480688 -0.115830507998 0.0521227595101 0.00123844963331 0.998639917179 10.8449185029
0.998568026793 -0.00130380431788 -0.0534807999377 -0.489253669579 0.00123054833942 0.999998259135 -0.00140266826714 -0.132307575194 0.0534825356398 0.0013348489742 0.998567892814 11.706070222
0.998459317526 0.00104396636428 -0.0554788372208 -0.545812097949 -0.00124812278009 0.999992576685 -0.0036453756918 -0.142663287308 0.0554746197343 0.00370900372591 0.998453208647 12.5750813554
0.998398660545 0.00185159622108 -0.0565392448968 -0.605637794966 -0.00221208048209 0.999977620403 -0.00631390475563 -0.155684647842 0.0565262887691 0.00642886341093 0.998380412665 13.4362801844
0.998276217811 0.00601518382803 -0.058381593986 -0.663263276145 -0.00647139610858 0.999949963043 -0.00762839714168 -0.173926556239 0.0583327865376 0.00799305786669 0.998265193744 14.3139189418
0.998191531961 0.0069853902014 -0.0597065310168 -0.713764608615 -0.00744242298211 0.999944658806 -0.0074357020727 -0.184929929436 0.0596512855057 0.00786661610177 0.998188279078 15.1967897161
0.998105476321 0.00570910110328 -0.0612606260404 -0.775770453221 -0.0060913486051 0.999963117048 -0.00605475147935 -0.195295414344 0.0612237993793 0.00641644043828 0.99810343937 16.0994225115
0.998023110097 0.00546302219742 -0.0626101197992 -0.850510392952 -0.0057696316442 0.99997222849 -0.00471737216865 -0.199224552095 0.0625826099127 0.00506928377168 0.998026913113 17.0231796272
0.997957224342 0.00497698559702 -0.0636915064769 -0.915391434586 -0.00528556498437 0.999975092388 -0.00467732897475 -0.211575476921 0.0636666410746 0.00500441983741 0.997958673792 17.9403765021
0.997842288186 0.00407269999041 -0.0655300009299 -0.975864982692 -0.00443402383687 0.99997575432 -0.00536937648753 -0.22322789327 0.0655065442509 0.00564835250661 0.997836153271 18.8466839319
0.997766656898 0.00285028970979 -0.0667351049447 -1.02632951832 -0.00327386571136 0.999975180393 -0.00623862178052 -0.235334879129 0.0667156667262 0.00644317056942 0.997751224187 19.7424615044
0.997749005638 0.00395854493268 -0.0669421516762 -1.11992953496 -0.00431970514343 0.999976882141 -0.00525122188495 -0.23770485357 0.0669198169192 0.005528571771 0.997743039564 20.7019376522
0.997754994445 0.00442186131108 -0.0668237847027 -1.20193083059 -0.00454914110899 0.999988116675 -0.00175266183723 -0.247675449813 0.0668152405864 0.00205271792772 0.99776325347 21.6504741535
0.997793533155 0.00499654023854 -0.0662049830359 -1.26987213823 -0.00488645821955 0.999986396636 0.00182457349496 -0.254224444135 0.0662131989803 -0.00149703975051 0.997804375192 22.5963158984
0.997910235995 0.00413038881724 -0.0644833372697 -1.3499559684 -0.00384221468454 0.999982073739 0.00459234004864 -0.26566568248 0.0645011494746 -0.00433498431634 0.997908217036 23.5487695123
0.998025790935 0.00477441933305 -0.0626236820114 -1.43610831171 -0.00447254600863 0.999977698454 0.00495973054266 -0.268218820598 0.0626459652399 -0.00466985169864 0.998024887227 24.5161139956
0.998140461499 0.00655145146124 -0.0606027854339 -1.51719886543 -0.00643910277261 0.999977169592 0.00204896317807 -0.289077725 0.0606148255303 -0.00165492548844 0.998159859014 25.4734306255
0.998197160866 0.0068638370025 -0.0596264687842 -1.5945554518 -0.00706465835691 0.999970058899 -0.00315783286414 -0.286590943087 0.059603008652 0.00357338043047 0.998215764408 26.4454103118
0.998282763447 0.0062098316338 -0.0582491390126 -1.65876470054 -0.00657620314079 0.999959770058 -0.00610014907986 -0.298635931873 0.0582089147543 0.00647273185181 0.998283439703 27.3910298648
0.998353560971 0.00348327003323 -0.0572541188589 -1.73066791824 -0.00378400189654 0.999979604914 -0.00514500585045 -0.310382705436 0.0572350297115 0.00535318460636 0.998346380165 28.3684621794
0.998357176306 0.00315482882223 -0.0572101002704 -1.78484488217 -0.00319022739958 0.999994772122 -0.000527425910987 -0.330083330065 0.0572081372445 0.000709072672619 0.998362021638 29.3281097686
0.998312114173 -0.00112289642187 -0.0580660124216 -1.85254475956 0.0012811328351 0.999995566781 0.00268795770218 -0.333564083519 0.0580627367042 -0.00275781101159 0.998309127017 30.3336116089
0.998218864204 -0.00866905028776 -0.0590249668701 -1.92120651037 0.00879306518885 0.999959644358 0.00184164615055 -0.338528092542 0.0590066195565 -0.00235737631012 0.998254807965 31.3353411248
0.998147833381 -0.010250031264 -0.059965319778 -2.00586115927 0.0101425419285 0.999946365049 -0.00209663274787 -0.356394673565 0.0599835940922 0.00148454866458 0.998198259142 32.3341128973
0.998053838304 -0.00947715967429 -0.0616337512278 -2.06901681313 0.00910410848769 0.99993851665 -0.00633072883794 -0.36852918525 0.0616899591064 0.00575728785828 0.998078755701 33.337202098
0.997947283854 -0.00788137426707 -0.0635539344788 -2.14428655711 0.00743971029187 0.999946525478 -0.00718309794126 -0.384901663168 0.0636071486458 0.00669553021971 0.997952554241 34.3244213033
0.997920416338 -0.00769036555105 -0.063997663494 -2.23869242053 0.0073247865727 0.999955500955 -0.00594504939926 -0.400543469828 0.0640405352622 0.00546391694542 0.997932340119 35.3514508126
0.9978655405 -0.00379214369325 -0.0651918915868 -2.31128147339 0.00357432992996 0.999987635109 -0.00345742592898 -0.416624308832 0.0652041965522 0.00321702886407 0.997866756374 36.3415098915
0.997815009908 -0.00252334451136 -0.0660215020687 -2.40338406132 0.00238168625498 0.999994690111 -0.00222425746105 -0.44815397883 0.0660267640697 0.00206215497652 0.997815721435 37.3571739431
0.997737090853 -0.00125531822149 -0.0672244130672 -2.46335392903 0.00127887890495 0.999999134973 0.00030744459686 -0.461549789685 0.0672239689755 -0.000392720761439 0.997737833183 38.3337840869
0.997741484168 -0.00126749523995 -0.0671589474742 -2.53459064499 0.00150028479989 0.999993040275 0.00341592554695 -0.479177159837 0.067154150397 -0.0035089681731 0.997736441765 39.336674487
0.997687170187 0.00399964765793 -0.0678550901768 -2.60952559683 -0.00360439041491 0.99997582376 0.00594644981146 -0.487237581755 0.0678772333999 -0.00568812044842 0.997677466154 40.3135578623
0.997675945633 0.00359566247041 -0.0680424772964 -2.6834118931 -0.00324834321305 0.999981128969 0.00521440053083 -0.490285322662 0.0680599424889 -0.00498125666118 0.997668798405 41.3104085464
0.9977196587 0.00519673205922 -0.0672939567766 -2.77696601077 -0.00498899595746 0.999982258321 0.00325468328843 -0.506015347488 0.0673096765858 -0.00291153222139 0.997727883953 42.321227458
0.997709188858 0.00841200761383 -0.0671238601145 -2.86373882122 -0.0083553137196 0.99996446057 0.00112531344162 -0.526067615027 0.067130940716 -0.000561894651725 0.997744015804 43.3299935324
0.997642699218 0.00771712556167 -0.0681871737896 -2.93461595243 -0.00766399439028 0.999970089554 0.00104076301656 -0.533046686568 0.0681931659797 -0.000515723507677 0.997672003287 44.3340735378
0.997575151173 0.00661549609743 -0.069282414611 -3.01279393196 -0.00648661491117 0.999976787946 0.00208504118074 -0.549814518595 0.0692946000057 -0.00163057692738 0.99759490758 45.3347781349
0.997514948908 0.00744663156477 -0.0700605051567 -3.08896082349 -0.00724049238874 0.999968680595 0.00319579404935 -0.570059088953 0.0700821088042 -0.00268057978352 0.997537624613 46.3263480857
0.997497345743 0.0105409310455 -0.0699137612293 -3.17666764597 -0.0105976609697 0.999943746166 -0.000440551474403 -0.589113759482 0.0699051844895 0.001180371265 0.997552941906 47.2999102318
0.997427141942 0.0119382684017 -0.070686450357 -3.25552227778 -0.0123061464143 0.999912893631 -0.00477115405006 -0.607328405108 0.0706233337994 0.00562875635553 0.997487173765 48.2624454494
0.997360266037 0.0129528912692 -0.0714473396211 -3.32779719767 -0.013443839993 0.999889178299 -0.00639486405792 -0.618012396261 0.0713565897266 0.00733850991987 0.997423873473 49.2270310783
0.997360455391 0.0122284422506 -0.0715722517642 -3.39292452223 -0.0124621494813 0.999918368778 -0.00281968289237 -0.640339060748 0.0715319289044 0.00370418431379 0.997431432313 50.2001159752
0.997347356278 0.0110163510178 -0.0719506145567 -3.45299700423 -0.0110345760826 0.999939106815 0.000144194925904 -0.659969844722 0.0719478217566 0.000650132102376 0.997408185385 51.1631640312
0.997315729654 0.0104026691676 -0.0724784096102 -3.51206391826 -0.0103926248203 0.999945862231 0.000515709228327 -0.679278859243 0.0724798505433 0.000238915993311 0.997369848243 52.1258461663
0.997318164457 0.00763368076069 -0.0727887749786 -3.57019299377 -0.00769806316931 0.999970187054 -0.000604008677347 -0.699375771187 0.0727819941214 0.00116272141321 0.997347196021 53.0683224559
0.997300777796 0.00529384283999 -0.073233420203 -3.64374344934 -0.00545124181938 0.999983241432 -0.0019495686978 -0.71717997225 0.0732218722054 0.00234351946147 0.997312922481 54.0334682998
0.997217221301 0.00458246321171 -0.0744097747059 -3.70465598288 -0.00467113602327 0.999988572327 -0.00101769479776 -0.734718819275 0.0744042608264 0.00136244095747 0.997227230738 54.9632588456
0.997149209897 0.00233456921804 -0.0754188503523 -3.77240136039 -0.00212308781994 0.999993587082 0.002884145057 -0.749929185025 0.0754250999337 -0.00271580212224 0.997147771756 55.9104463253
0.997103900136 0.0025675489826 -0.0760080260614 -3.83634228952 -0.00196717061929 0.999966282608 0.00797269638778 -0.774484401484 0.0760259335575 -0.00780008590716 0.997075331199 56.8528794566
0.997061871695 0.00547223661614 -0.0764047029859 -3.91467911689 -0.00471266642063 0.999937704772 0.0101181692969 -0.791310970347 0.076455312354 -0.00972837093914 0.997025548324 57.7990527613
0.996945690936 0.00679442926918 -0.0778018319507 -3.99650112029 -0.00633210660703 0.999960809045 0.00618747117534 -0.80417536404 0.0778408231579 -0.00567592323191 0.996949642733 58.7337400665
0.996807493098 0.00907700105738 -0.079324836938 -4.07533775007 -0.00924220152705 0.999955818107 -0.00171567597044 -0.816392806977 0.079305759024 0.00244333479214 0.99684734373 59.6563969725
0.996705741565 0.0106726045938 -0.080397513913 -4.15527359614 -0.0112419253929 0.99991481423 -0.00663199792791 -0.828609354107 0.0803198844974 0.00751397326598 0.996740817043 60.5736360096
0.996518465191 0.0162197927248 -0.081779379169 -4.22671415308 -0.0167376874504 0.999843944602 -0.00565121764227 -0.852440757576 0.0816749554767 0.00700034041975 0.996634434927 61.4711633906
0.996390606058 0.0192036393728 -0.0826860350594 -4.30684389402 -0.0195100084854 0.999805459502 -0.00289874452923 -0.884444883729 0.0826142828324 0.00450148706392 0.9965714309 62.3450717658
0.996304426503 0.0219852256997 -0.083030955566 -4.42222024124 -0.0221610407848 0.999753698202 -0.00119632888765 -0.908619422866 0.0829842033317 0.00303196015902 0.996546250414 63.2587852971
0.996199300571 0.0226743082481 -0.0841001146661 -4.50634155337 -0.0228879182232 0.999736794209 -0.00157654822567 -0.919807532978 0.0840422318885 0.00349543278677 0.996456062859 64.1293772593
0.995984868065 0.0247396525799 -0.086035412339 -4.57299408554 -0.0248801725828 0.999690283058 -0.000561223752659 -0.941495031976 0.0859948812335 0.00269954627247 0.996291921503 64.9761338948
0.995823679911 0.0253566917038 -0.0877053972954 -4.63642440848 -0.0254321339401 0.999676517855 0.000257316645122 -0.963142810538 0.0876835508642 0.00197429340284 0.996146423511 65.8021803371
0.995694998454 0.0253623025522 -0.089152810746 -4.7183500572 -0.0253995089937 0.999677123085 0.000717303038507 -0.979150136787 0.0891422178182 0.00155022257054 0.996017701556 66.6298039387
0.995581847396 0.0251104070584 -0.0904779121773 -4.79684530663 -0.0250608207021 0.999684509528 0.00168424302389 -0.98995090677 0.090491659286 0.000590648953379 0.995897038219 67.4439376796
0.995365118055 0.0279357310232 -0.0920210665616 -4.86591501914 -0.0276341977482 0.999607749312 0.00454957462567 -1.00347304034 0.092112066928 -0.00198555953402 0.995746666919 68.228330861
0.995178619701 0.0295987702755 -0.09350629759 -4.93409010653 -0.0289080929269 0.999543927744 0.00873262123915 -1.01820153525 0.0937221268119 -0.00598742921116 0.995580390344 69.0159472393
0.994922757218 0.0330805200923 -0.0950493890614 -5.02170500576 -0.0322271246604 0.999425416778 0.0104999397262 -1.02979899972 0.0953421187442 -0.00738346047286 0.995417181339 69.8003359453
0.994748070879 0.0357436417678 -0.0959096843708 -5.12678146743 -0.0352953032357 0.999356640899 0.00636756308619 -1.03759147198 0.0960755798964 -0.00294895970308 0.99536967333 70.5532773871
0.9946146058 0.0357476538187 -0.0972825327385 -5.2091417378 -0.0359833184383 0.99935216707 -0.000668555501335 -1.05778901876 0.0971956106197 0.00416550342043 0.995256580916 71.2855178793
0.994471944429 0.0351161083422 -0.0989566100796 -5.27880719377 -0.0359298942173 0.999333478486 -0.00645302081785 -1.07005971087 0.0986640483919 0.00997284869243 0.995070825542 71.988358404
0.994373433267 0.0362158982955 -0.099548399902 -5.35195523014 -0.0371566227109 0.999280465895 -0.0076115615406 -1.08256311084 0.0992011118945 0.0112676169183 0.995003608138 72.6848976184
0.994192647017 0.0388095111307 -0.100373315492 -5.42634051594 -0.0393995473851 0.999215917547 -0.00390202346212 -1.10028738956 0.100143178914 0.00783402623446 0.99494219518 73.3626157953
0.994070272448 0.0390898006687 -0.101470591395 -5.51108497492 -0.039447760203 0.99922047386 -0.00152277209599 -1.12205723058 0.101331967559 0.00551653002935 0.994837373769 74.0275379367
0.99409165029 0.0359189355705 -0.102428613638 -5.58745859251 -0.0365829580615 0.999319981501 -0.00461104671041 -1.14117087126 0.102193336396 0.00833094471093 0.994729670492 74.669756689
0.994335932415 0.027832489024 -0.102573905369 -5.64520729758 -0.028988633263 0.999531722884 -0.00979765735761 -1.15846784943 0.102253179166 0.0127156400893 0.99467713347 75.2882387775
0.994533523144 0.0236976670068 -0.101693126227 -5.70283870932 -0.0252846662245 0.999577362763 -0.0143450864931 -1.17856063816 0.101310201842 0.0168379461638 0.994712383844 75.8859115392
0.994785292608 0.0264113783151 -0.0985122363296 -5.76997139321 -0.0279818452009 0.999501889032 -0.0145941824235 -1.1960543892 0.098077713831 0.0172746321799 0.995028818242 76.4693498573
0.995023567119 0.0315021598205 -0.094528909887 -5.82968944599 -0.0327642295883 0.999393111282 -0.0118285409728 -1.20983442034 0.0940989167699 0.0148668439388 0.995451842539 77.0472975625
0.995471516893 0.029960089693 -0.0902155866831 -5.87042353275 -0.0308943980735 0.999482336099 -0.00897752713688 -1.22359668332 0.0898999178124 0.0117240288043 0.995881796162 77.6107158415
0.996063502358 0.0265312762318 -0.0845789019294 -5.90494520357 -0.0270261451578 0.99962362531 -0.0047111780957 -1.24209286761 0.0844220750041 0.00697847423507 0.996405647389 78.1537514757
0.996827952758 0.0223623664084 -0.0763803454415 -5.93356997792 -0.0225439348739 0.999744704291 -0.00151566550949 -1.25719862497 0.0763269519996 0.00323277128017 0.997077602591 78.6772353502
0.997487790717 0.0262708709893 -0.0657871469823 -5.96544802185 -0.0264657235699 0.999647532451 -0.00209197054423 -1.26655785384 0.0657090012595 0.0038278195229 0.99783148625 79.1970044828
0.998220298333 0.0315030825163 -0.0506338995957 -5.99505102344 -0.0316892290985 0.999493628031 -0.00287754819251 -1.27884930678 0.0505176083701 0.00447697625963 0.998713135955 79.7048188936
0.998786009201 0.0368304912356 -0.032711202058 -6.00516104952 -0.036943314268 0.999313295341 -0.00285119019747 -1.28559657343 0.0325837283876 0.00405618909651 0.999460778607 80.1993496962
0.999322236979 0.0352332465362 -0.0106623176521 -5.99038195776 -0.0352653157618 0.999373964904 -0.00283474461552 -1.29384068557 0.0105557654111 0.0032088333292 0.999939137751 80.6777140339
0.999374522097 0.0318280494943 0.0154123277895 -5.9553399423 -0.031794297223 0.999491479314 -0.00243011182693 -1.30577902664 -0.0154818360215 0.00193856771505 0.999878269945 81.1544139628
0.998514013828 0.030862282329 0.0449141817187 -5.90914110188 -0.0308265851966 0.999523641246 -0.00148735857639 -1.31859063419 -0.0449386897354 0.000100597532825 0.998989741712 81.6156795862
0.996482163931 0.0304821141811 0.0780649580961 -5.85154223697 -0.0305255700748 0.999533783309 -0.000636864330464 -1.33052697222 -0.0780479758809 -0.0017483534026 0.996948071226 82.0666524388
0.992818217153 0.0311454728111 0.115507347009 -5.77180780576 -0.0312262200045 0.999511725451 -0.0011107968412 -1.33591236966 -0.115485544004 -0.00250403849034 0.993306004672 82.5151102964
0.987096675927 0.0315397966522 0.156988514232 -5.66645087516 -0.0315653131305 0.999498972638 -0.00233124497736 -1.34151815833 -0.156983385683 -0.0026542274417 0.987597677041 82.9487131611
0.978829046627 0.03104894954 0.202310801025 -5.55318217512 -0.0310708593983 0.999512474738 -0.00306831225438 -1.36021204905 -0.202307437271 -0.0032826172947 0.979316560285 83.3672310415
0.967134168036 0.0332916732702 0.252077697362 -5.43788019976 -0.0328299260873 0.999442710812 -0.00603852281841 -1.37396968643 -0.252138249716 -0.0024356304305 0.967688157794 83.7676414145
0.951543295998 0.0347924027396 0.3055402503 -5.28805892221 -0.0332446163337 0.99939448653 -0.0102691663952 -1.3821370843 -0.305712530536 -0.000386011956938 0.952123783795 84.154442206
0.9315733856 0.0349333362614 0.36187109481 -5.12373711496 -0.032293995879 0.999389369292 -0.013341153486 -1.39768805785 -0.362116176208 0.000741999876251 0.932132675302 84.5166996884
0.90703093242 0.0353433749979 0.419578042178 -4.93719063949 -0.031515359375 0.999374331783 -0.0160538810303 -1.41500055076 -0.41988292387 0.00133821389475 0.907577291158 84.8637493004
0.877778374555 0.0355822433468 0.47774368559 -4.72228631869 -0.029946585938 0.999363019698 -0.0194102254204 -1.42398811329 -0.478130031637 0.00273108378243 0.878284813729 85.1928607009
0.844253904807 0.0339261510666 0.534868545058 -4.48615407049 -0.0259442141219 0.999411489216 -0.0224404317512 -1.44165711218 -0.535315086628 0.00506867807146 0.844637239607 85.4943354513
0.807372965029 0.0335518202632 0.589086725956 -4.22822165131 -0.0234935655581 0.99941823352 -0.0247234076299 -1.45705185943 -0.589573530374 0.0061212633081 0.80769151439 85.7758301935
0.767104266731 0.0327128498444 0.640687843976 -3.95668649108 -0.0219354842932 0.999452556691 -0.0247673464834 -1.47279757861 -0.64114731419 0.0049453390246 0.767401892837 86.0434267632
0.724317085657 0.0323646131773 0.688706970518 -3.66622727232 -0.0224482820477 0.999475063056 -0.0233596438748 -1.49003178152 -0.689101468623 0.00145950085097 0.724663394824 86.2886561775
0.679021599481 0.0314495676807 0.733444334718 -3.35905469393 -0.0201590762057 0.999503989257 -0.0241947743653 -1.50077864947 -0.733841453643 0.00164321415234 0.679318791704 86.5139671531
0.632352360119 0.0303413571991 0.774086490449 -3.03885422242 -0.0157790255237 0.999529871087 -0.0262880040805 -1.51576566082 -0.77452018373 0.00440895093277 0.632533830041 86.7206778048
0.585433372524 0.0277873756152 0.810244178067 -2.70339839259 -0.00884156924381 0.999571839908 -0.027891997352 -1.53085991278 -0.810672309252 0.00916507607141 0.585428397323 86.9044072272
0.538231780711 0.0300411989073 0.842261287607 -2.37087718843 -0.00956212139403 0.999517872147 -0.0295396190581 -1.5461765819 -0.842742615552 0.00784535708959 0.538259541768 87.0759962659
0.490278781821 0.0330676962632 0.870938139916 -2.03372595019 -0.0121958066677 0.999442451238 -0.0310813282059 -1.56344478046 -0.871480337355 0.00461672255622 0.490408714723 87.2372033803
0.444378030398 0.0354640169308 0.895137123352 -1.68635935643 -0.0116325592117 0.999360296163 -0.0338183680717 -1.57680369358 -0.895763835877 0.00461540420499 0.444506297344 87.3778337085
0.401854383279 0.0331339990104 0.915103924562 -1.33400017524 -0.00341565433831 0.999392423645 -0.0346859750641 -1.59127631786 -0.915697214119 0.0108130324279 0.401723400345 87.4894415873
0.362606459738 0.025687404177 0.931588274198 -0.959042488981 0.0127845257876 0.999388889803 -0.032533103751 -1.60233677167 -0.931854662089 0.0237066278904 0.362056465952 87.5813165429
0.327303296994 0.022139462759 0.944659936678 -0.588933023609 0.0179664755987 0.999398940233 -0.0296473272868 -1.61353167389 -0.944748515496 0.0266758776695 0.326708800034 87.670828279
0.293905565016 0.0262940987872 0.955472730758 -0.218479506768 0.0163245374196 0.999337672294 -0.0325227030251 -1.62931125594 -0.955695049862 0.0251562537551 0.293281664218 87.7691482897
0.262255526093 0.0341355665368 0.964394526182 0.146009738215 0.00572211820534 0.999301576001 -0.0369271927529 -1.65407531822 -0.964981500546 0.015202739838 0.261877032793 87.8674182309
0.233826132427 0.0383913007497 0.971520173656 0.533944210848 0.0023877808601 0.999194439413 -0.04005958996 -1.67706096459 -0.972275495061 0.0116867562628 0.233546101298 87.9548311945
0.208193217838 0.0402322203787 0.97725992064 0.938951117702 0.00461833232082 0.999102082874 -0.0421153060477 -1.70109524888 -0.978076814495 0.0132814321636 0.207820471818 88.024660704
0.185085487321 0.0418124349914 0.981832512531 1.36006744081 0.0122794309385 0.998918044139 -0.0448548399849 -1.72126416369 -0.98264570317 0.0203583244481 0.184371800085 88.0714383344
0.165153367437 0.0482489465187 0.985087003459 1.77549860434 0.0201628682543 0.998428749681 -0.0522827940624 -1.72980622371 -0.986061774925 0.0284968589682 0.163921033004 88.1142534155
0.145373405304 0.0553106563225 0.987829592758 2.21846588852 0.0229693522518 0.997978335775 -0.0592591780313 -1.73728640288 -0.989110197039 0.0313045143867 0.143809059143 88.1725470822
0.128180409473 0.0561346570788 0.990160937879 2.61655077461 0.0219835186125 0.997990713985 -0.0594244033104 -1.75153225413 -0.991507189856 0.0293842657562 0.12668882109 88.2031190418
0.113682147371 0.051716578238 0.992170229802 3.03379004942 0.0208450851073 0.998300282495 -0.054424520188 -1.77646823391 -0.99329847065 0.0268689692057 0.11241088336 88.1865042394
0.0992812778112 0.0485859231867 0.99387254512 3.50050622214 0.0224378017352 0.998443970482 -0.051050787078 -1.8004042863 -0.994806399723 0.0273687024919 0.0980366319007 88.2312139812
0.08633658133 0.046210358099 0.995193748739 3.94940145271 0.0253805863583 0.998497474526 -0.0485656174774 -1.82378076345 -0.995942679355 0.0294515902663 0.0850340124328 88.2459452915
0.0747492515275 0.0458136629105 0.996149415342 4.48029342955 0.0298054279456 0.998395151094 -0.0481534914294 -1.83957253363 -0.996756833867 0.0332900970648 0.0732637944442 88.2841833347
0.0654034444311 0.0456072906368 0.996816113683 4.88939778294 0.0330799242043 0.998306808594 -0.0478459458009 -1.89554118305 -0.997310437161 0.0361038911437 0.0637840181636 88.2590984934
0.0577312742704 0.046203226173 0.997262433797 5.43062245394 0.0363806930426 0.998167622922 -0.0483512329097 -1.92166382803 -0.997669055922 0.0390724767753 0.0559445834178 88.2840210055
0.0525933256402 0.0466236308264 0.997527031787 5.9963773405 0.0389280043691 0.998054533015 -0.0487007146214 -1.94980938678 -0.99785698002 0.0413930691948 0.050676042157 88.2961837368
0.0479866031798 0.0477257355064 0.997707141443 6.49623556615 0.0407002470538 0.997934856606 -0.0496941833573 -1.96468707744 -0.998018424582 0.0429915822011 0.0459450547374 88.2697487123
0.0421501852596 0.0483134329626 0.997942470325 7.05898989385 0.0417804245805 0.997871196076 -0.0500746658842 -2.00158776844 -0.998237325492 0.0438051165609 0.0400419000377 88.2856461979
0.0382306057708 0.0484092736457 0.998095668264 7.62675765014 0.044645867875 0.997745707324 -0.0501023951298 -2.02616857575 -0.998271089066 0.0464762922483 0.0359831487611 88.286489703
0.0354751900654 0.048122194901 0.998211282869 8.18053571697 0.0456797539563 0.997717946777 -0.0497218137047 -2.07115085815 -0.998326034404 0.0473619365895 0.0331960237707 88.2821420274
0.0322483129812 0.047934834132 0.998329754133 8.80208764807 0.0462213440555 0.99770908404 -0.0493980867752 -2.10043445016 -0.998410553662 0.0477371480096 0.0299588223457 88.2995249056
0.0297240638331 0.0473900060149 0.99843410767 9.45298576971 0.048440593176 0.997633521468 -0.048794116199 -2.13559611872 -0.998383688249 0.0498150998473 0.0273581224722 88.3239906234
0.0293925299803 0.0471112814874 0.998457112919 10.045973223 0.051873082707 0.997470812661 -0.0485917810005 -2.16701247614 -0.998221048902 0.0532212837777 0.0268743833646 88.3107530971
0.0301363024381 0.0471205262983 0.99843450425 10.7679516495 0.0557707625908 0.997252848065 -0.0487481185944 -2.19863876285 -0.997988689974 0.0571525417442 0.0274255657512 88.3495967149
0.0323731038126 0.0473913433454 0.998351662855 11.4860876626 0.0572161612342 0.997149284282 -0.0491895898535 -2.2328250802 -0.997836806819 0.0587142694092 0.0295692665547 88.3806582494
0.0360001138838 0.0472346145371 0.998234883677 12.186928398 0.0589503494121 0.997042604469 -0.0493041699868 -2.28111126777 -0.997611571758 0.0606212509225 0.0331091502766 88.4039193046
0.040621598194 0.0467658400967 0.998079576968 12.9115640341 0.0594812078075 0.997019326795 -0.0491370320219 -2.32028321369 -0.997402562498 0.0613630034973 0.0377188298316 88.423145582
0.0444326810468 0.0452470016967 0.997987197159 13.6388333801 0.0610703140228 0.99698247136 -0.0479204397549 -2.35796527617 -0.997143998428 0.0630766251364 0.041535355557 88.4595463625
0.0481131012094 0.0441441497026 0.997865934652 14.4117368147 0.0608863076292 0.997035507713 -0.0470431068567 -2.39040154252 -0.996984446737 0.0630197620313 0.0452826960132 88.5086765324
0.0520373989221 0.0418026148176 0.997769838444 15.19842155 0.0571531758302 0.997361267335 -0.0447662474668 -2.44736790644 -0.997008336779 0.0593552340923 0.049510933943 88.5578616493
0.0556935861334 0.0406272524574 0.99762099558 15.9806589826 0.054678622 0.997548287186 -0.0436768019509 -2.50248695016 -0.996949583861 0.056981059048 0.0533355992746 88.6066564394
0.0598553338512 0.0414230205783 0.997347217561 16.7598798567 0.0511035695929 0.997701237102 -0.0445046813315 -2.55508102385 -0.996898071111 0.0536318454999 0.0576008764156 88.6461206919
0.063114284205 0.0457567156377 0.996956824593 17.553513087 0.0488983196469 0.997606881179 -0.0488821537919 -2.59475230073 -0.996807675264 0.0518346756301 0.0607258177164 88.6952623671
0.0643658813113 0.0507398732855 0.996635589663 18.3433837927 0.0425737055936 0.997657652939 -0.0535414523895 -2.65179500245 -0.997017809728 0.0458767129482 0.0620549296513 88.7479549544
0.0641900202304 0.0541240879159 0.996468877793 19.1655038526 0.0404820126535 0.997565008613 -0.0567913747236 -2.69224847265 -0.997116266016 0.0439845052121 0.0618426660721 88.808660091
0.0642595694179 0.0537767008836 0.99648320316 19.9769289298 0.0373549091809 0.997717545807 -0.0562521959518 -2.74829653771 -0.99723383341 0.0408382814451 0.0621040761167 88.8611638896
0.0639161451007 0.0518058623385 0.996609692419 20.7844621303 0.0342860837858 0.997948110774 -0.0540743253491 -2.81122916159 -0.997366126783 0.0376260658413 0.0620087761144 88.9242255273
0.0634736852647 0.0506118937061 0.996699316491 21.6083412955 0.0352765968502 0.99797529658 -0.0529232380967 -2.86595727004 -0.997359841278 0.0385193929269 0.0615597545069 88.9867156241
0.0640276499568 0.0501843911555 0.996685500509 22.4133310181 0.0327406320951 0.998091500044 -0.0523584620742 -2.91544494839 -0.997410903816 0.0359845025687 0.0622623845019 89.038225536
0.0642154981678 0.0506835680526 0.996648155431 23.2239116211 0.030978474769 0.998126880643 -0.052754755611 -2.9678123876 -0.997455113725 0.0342623126489 0.062525115241 89.0917899208
0.0642911523703 0.0514238520247 0.99660535578 24.0288652383 0.0282851873748 0.998176288432 -0.0533295920335 -3.01928741437 -0.997530248114 0.0316177901542 0.062719370562 89.1475132339
0.0626189426239 0.0527187796365 0.996644168346 24.8487510283 0.0248113570484 0.998213060997 -0.0543606605619 -3.07661152892 -0.997729053694 0.0281321013958 0.0611990219282 89.2151429839
0.0599573235222 0.052694713049 0.996809102373 25.6518804942 0.0224253624545 0.998282509852 -0.0541214711843 -3.12364326777 -0.997949007953 0.025598783976 0.0586726493701 89.2638914191
0.0561332992492 0.0514740554961 0.997095519159 26.4533459616 0.0198076241788 0.998416177077 -0.0526573392355 -3.17807431544 -0.998226783221 0.0227059234949 0.0550248152969 89.3080512275
0.0511855287059 0.0491846064713 0.997477276 27.2568817872 0.0179222041388 0.998580443133 -0.0501586801259 -3.22943372194 -0.998528335226 0.0204443899258 0.0502313713794 89.3527726415
0.0447831403665 0.0472498987439 0.997878708766 28.0777612757 0.015791876826 0.998722561091 -0.0479985686643 -3.28050942304 -0.998871907186 0.017907904294 0.0439797680595 89.3967230818
0.0371328933562 0.0477391095939 0.998169387252 28.9017137735 0.0156934535952 0.998707226402 -0.0483486447176 -3.32913801736 -0.999187101471 0.0174600500272 0.036335697431 89.4337842277
0.0287768849691 0.0487094618709 0.998398356978 29.6969730865 0.0158941423157 0.998663433536 -0.0491805119667 -3.3794883819 -0.999459487489 0.0172839475091 0.0279642276306 89.449492855
0.0188366578805 0.049454557285 0.998598731765 30.5028069987 0.0163035366128 0.99862795116 -0.0497635394255 -3.42296324609 -0.999689639345 0.0172180697519 0.0180045288805 89.461966583
0.0088016911544 0.0488320727985 0.99876822081 31.2972344139 0.0182547840556 0.998632617084 -0.0489863139499 -3.46426385979 -0.999794625457 0.0186634605987 0.00789823692836 89.4631302151
-0.00198620142657 0.0481311893529 0.998839047903 32.0927797072 0.0170030915589 0.998698247554 -0.0480905937704 -3.51098027441 -0.999853464204 0.0168878341781 -0.00280199490341 89.4607755074
-0.0129013397514 0.0473182704521 0.998796544204 32.8795145763 0.0184322369534 0.998721204862 -0.0470766141508 -3.56242388087 -0.999746872 0.0178027031775 -0.0137570231541 89.4461134951
-0.0241040161979 0.047658067948 0.99857283408 33.6484855677 0.0187563537431 0.998708788627 -0.047211806936 -3.61169209544 -0.999533488982 0.0175915911551 -0.0249667843992 89.4277125494
-0.0349474411613 0.048328805443 0.998219917113 34.4257636189 0.0198110997279 0.998667282858 -0.047656882775 -3.65984528244 -0.999192772534 0.0181103482216 -0.0358583128918 89.3958271355
-0.0459440166346 0.0496737254799 0.997708208011 35.2066005463 0.019622002804 0.998615063142 -0.0488152913771 -3.70537002885 -0.998751282523 0.0173342626961 -0.0468550850532 89.3678294142
-0.0564120212781 0.0509083318199 0.997108833381 35.9864066021 0.0208973157556 0.998540608293 -0.0497991544545 -3.75018124275 -0.998188852898 0.0180276271732 -0.0573935415267 89.3277926787
-0.0661402400285 0.0515934438337 0.996475581839 36.7566822925 0.0216493565375 0.998501426874 -0.0502613757529 -3.79862531942 -0.997575447779 0.0182487556956 -0.0671580889028 89.2805238254
-0.0764841584387 0.0518822268075 0.995720045017 37.5364962201 0.0216318591374 0.998496569858 -0.0503652921453 -3.85151260718 -0.996836112999 0.0176871287699 -0.0774914788715 89.2394601906
-0.0858316429117 0.0525626372981 0.994922156872 38.2897254377 0.0232571768454 0.998440953723 -0.050742148687 -3.89404087896 -0.996038168345 0.0187837985631 -0.0869202859595 89.1757913836
-0.0943355332244 0.0524436701904 0.99415817083 39.020722625 0.0245537716547 0.998430310214 -0.0503391293495 -3.93162798839 -0.995237619601 0.019661564106 -0.0954751456041 89.103767748
-0.101712239972 0.0514646622733 0.993481760667 39.7513254288 0.0273159418158 0.998428889919 -0.0489243405555 -3.97964307064 -0.99443876612 0.0221616857024 -0.102958244566 89.0264930595
-0.10687964346 0.0500640715775 0.993010740401 40.4740163217 0.0304754885082 0.998427204109 -0.0470570153617 -4.02143119962 -0.993804802974 0.0252330503835 -0.108237270634 88.9447783344
-0.11056641201 0.0487530144351 0.992672258159 41.1803970258 0.0343095143983 0.998388055604 -0.0452122510859 -4.06220406529 -0.993276359206 0.0290591467526 -0.112060877352 88.8618515534
-0.113249459559 0.047718391349 0.992420029542 41.8875718592 0.0361932806204 0.998381211928 -0.0438748459525 -4.10378883834 -0.992907148905 0.0309501340301 -0.114793217813 88.777924107
-0.115133487123 0.0472389041678 0.992226166797 42.5843220178 0.0369539179057 0.998380873313 -0.0432439562692 -4.13857719039 -0.992662424037 0.0316878168294 -0.116692734008 88.6998083328
-0.115888464264 0.0477421634565 0.992114181775 43.2409749776 0.0376787820336 0.998336531074 -0.0436403495296 -4.17761268067 -0.992547315363 0.0323242409206 -0.117494553975 88.6229322334
-0.114854284472 0.0486894855613 0.992188403144 43.8578795945 0.0380050766089 0.998282237138 -0.0445891148806 -4.21927425596 -0.992655079819 0.0325869453871 -0.116507439677 88.5532239915
-0.11153803801 0.0507070272911 0.992465648504 44.4821874045 0.0396447397919 0.998129368479 -0.0465409323772 -4.24960640777 -0.992969063306 0.0341549581028 -0.113339658343 88.4731932315
-0.106486028129 0.0512330293497 0.992993405072 45.0975289639 0.0394243455085 0.998103886615 -0.0472689380538 -4.28970979662 -0.993532307877 0.034114633622 -0.108303947196 88.4137067787
-0.0983928706899 0.0518512186846 0.993795901641 45.6936099164 0.0383079611691 0.998098820595 -0.0482829621923 -4.32894224317 -0.994410047771 0.0333195955545 -0.100192122662 88.3562280535
-0.0871571172872 0.0517163520692 0.994851273224 46.2371182423 0.036475745791 0.99814758233 -0.0486921334219 -4.37021119893 -0.995526572662 0.0320440761583 -0.0888820584144 88.3111363115
-0.073290385401 0.0521036936355 0.995948655563 46.8036581238 0.0358500898645 0.998126568357 -0.049579477565 -4.40868314704 -0.996666087747 0.0320711497837 -0.075021002973 88.2741175576
-0.0560402911325 0.0535421882567 0.996991835396 47.3506994399 0.0344296996308 0.998070808064 -0.0516648611144 -4.44414224276 -0.997834696507 0.0314308155688 -0.057775620114 88.2552167816
-0.0347658897617 0.0564768282774 0.997798426926 47.8910961325 0.0321038911667 0.997949826394 -0.0553668147219 -4.47649485023 -0.998879709015 0.0301083355272 -0.0365077396005 88.2518122651
-0.00988741493405 0.0595719945901 0.998175043009 48.4078013398 0.0293447276439 0.9978111976 -0.0592596059993 -4.51867838834 -0.999520448008 0.0287052504647 -0.011613897293 88.2564920953
0.0186358959216 0.0612576836963 0.997947994422 48.9287186055 0.0269602296491 0.997727607042 -0.0617476166548 -4.56166426976 -0.999462780398 0.0280556292649 0.0169420266227 88.2780391678
0.0520869941027 0.0605955657676 0.996802449061 49.4440287097 0.0232645530235 0.997812875667 -0.061872657341 -4.60271131504 -0.998371526847 0.0264129241682 0.0505633446177 88.3164190338
0.0904732822956 0.0581515093295 0.994199671672 49.9618430399 0.0209460907765 0.997961854269 -0.0602776799977 -4.644285404 -0.995678585926 0.0262781161314 0.0890708377683 88.3757077324
0.132811633858 0.0544985471149 0.989641843433 50.492021538 0.016728366274 0.998221664063 -0.0572160043781 -4.68217789037 -0.991000116889 0.0241540422613 0.131663778499 88.4634727172
0.17864934123 0.0505732998282 0.982612209482 50.9705093383 0.0130488800848 0.998468523948 -0.0537618211456 -4.71529132013 -0.983826275115 0.0224265028224 0.177715819118 88.5681872867
0.227187707197 0.0476636449523 0.972683876009 51.4617293053 0.00737942632084 0.998688616796 -0.0506615312647 -4.7489920018 -0.97382302795 0.0186875261276 0.226538046697 88.7060885586
0.279186735254 0.0461031294077 0.959129432515 51.9427695771 0.00181991644714 0.998819547979 -0.0485406889085 -4.78463573483 -0.9602351039 0.0152974518925 0.278773264865 88.8629010393
0.334679624237 0.0455440108795 0.941230732708 52.4261782808 -0.000875333601561 0.998845960426 -0.0480206323457 -4.81987036052 -0.942331567397 0.0152476363019 0.334333256909 89.0458597564
0.393158764669 0.0465620510182 0.918290891368 52.8791574056 -0.0005241016965 0.998728155117 -0.0504162423602 -4.84283639522 -0.919470451446 0.0193403097515 0.392683130956 89.2605855186
0.453791307045 0.0503473104053 0.889684549706 53.3099271196 -0.0015740681439 0.998446349282 -0.0556992811062 -4.8693791362 -0.891106599661 0.0238754254668 0.453165523953 89.494735323
0.513891105107 0.0536403998199 0.856176757217 53.7033579336 -0.00243943155809 0.998130518683 -0.0610697703186 -4.89536492221 -0.857851957663 0.0292946271568 0.513061247371 89.7605745262
0.57233128862 0.058058198572 0.817964633493 54.0666965803 -0.00891332754561 0.997872003911 -0.0645911480144 -4.92130348984 -0.81997405365 0.0296767482775 0.571630861617 90.0523721345
0.62823643945 0.0609483549673 0.775631532478 54.409254187 -0.0148051060013 0.997682889763 -0.0664052732173 -4.9491901609 -0.777881600877 0.0302349053504 0.627683093221 90.3743964108
0.681101473546 0.0614994229375 0.729601674691 54.7208873098 -0.0181839529734 0.997579693094 -0.0671125903256 -4.98090180674 -0.731963200296 0.0324434416223 0.680571301561 90.70642822
0.729988611668 0.0591734770815 0.680892889113 55.0139353098 -0.0202906639187 0.997682171163 -0.0649505527422 -5.01302296528 -0.683158045984 0.0335973950457 0.72949729215 91.0680873988
0.77503629447 0.055354801931 0.62948755997 55.2835753418 -0.0239894835104 0.998015179615 -0.0582254749995 -5.04542512136 -0.631461199865 0.0300257749474 0.774825919742 91.4517631174
0.815973545117 0.0501305274397 0.575911541721 55.505011558 -0.0262168549107 0.998416922588 -0.0497626889107 -5.0743348128 -0.57749445901 0.0255064483543 0.815996060594 91.810147874
0.851902427959 0.0478201403217 0.52151269152 55.7125619767 -0.0302577203817 0.998653231022 -0.0421449229133 -5.09684303769 -0.522825710533 0.0201235769605 0.852202040631 92.2261696063
0.882397013507 0.0438234728863 0.468460258484 55.8771964626 -0.031828477223 0.998931929194 -0.0334955052943 -5.12002694787 -0.469427799126 0.0146459571705 0.882849385426 92.6307585636
