1 4.78018471881e-22 -2.75042493162e-22 -2.95638061406e-24 -4.78018471881e-22 1 2.38449058067e-22 9.28686386674e-25 2.75042493162e-22 -2.38449058067e-22 1 -4.80179438386e-24
0.999991566206 -0.00215472373235 -0.00349638121548 -0.0025830613066 0.00214621164671 0.999994728681 -0.00243647004821 -0.000241848040239 0.00350161270478 0.00242894552544 0.999990919425 0.681122146922
0.999970839224 -0.00129587376856 -0.00752604892379 -0.0184525885175 0.00127004701161 0.99999329243 -0.00343541486438 -0.0155746159005 0.0075304503063 0.00342575624907 0.999965777671 1.373811188
0.999935402683 -0.00117459847198 -0.0113053429269 -0.0369564783075 0.00111866265956 0.999987109174 -0.00495278505393 -0.0184321631537 0.0113110147254 0.00493981825232 0.99992382667 2.08248653714
0.999860058006 0.00022589969994 -0.0167276230938 -0.0431789669015 -0.000324528908714 0.999982579291 -0.00589370816951 -0.018440479523 0.0167260002998 0.0058983119895 0.999842713045 2.81448829288
0.999778198412 -0.000768923465983 -0.0210466799554 -0.0681751471407 0.000640076324388 0.999981018645 -0.00612802193052 -0.0271826154391 0.0210509924407 0.00611319124398 0.999759713436 3.55911758241
0.999663753377 0.000681125136302 -0.0259213474518 -0.0883021010568 -0.000859948344752 0.99997590656 -0.00688816292062 -0.047140013821 0.0259160312164 0.00690813781894 0.99964025377 4.32104892541
0.999510721166 0.00323926077745 -0.0311098933555 -0.113004180086 -0.00348059453719 0.999964247467 -0.00770644204868 -0.0515888608185 0.0310838179226 0.00781095237457 0.999486260679 5.09335187361
0.99935609936 0.00319460878755 -0.0357376712587 -0.145356208427 -0.00341334559357 0.999975804649 -0.00606128596666 -0.0604176816794 0.0357174431358 0.00617936812346 0.999342823893 5.89383363483
0.999188502673 0.0021236785898 -0.0402222092393 -0.18258411609 -0.00226525254658 0.999991398038 -0.00347454754064 -0.0640520103192 0.0402144844271 0.00356284141651 0.99918471836 6.68881959325
0.999054534355 0.00158801487063 -0.0434455474542 -0.234901507875 -0.00163642901956 0.99999807912 -0.00107882198854 -0.0674073331824 0.0434437508152 0.00114889755404 0.999055213964 7.50727698578
0.99892941753 0.00361577521554 -0.0461188135424 -0.285990608311 -0.00369433245247 0.999991866562 -0.00161824540412 -0.0850392679827 0.0461125872262 0.0017868911685 0.998934650675 8.33573679819
0.998844578897 0.00292474266602 -0.0479682508351 -0.348350727608 -0.00301009424218 0.999994012391 -0.00170719508317 -0.0936503770184 0.0479629705137 0.00184961150959 0.998847401957 9.16836582013
0.998741877812 -2.17228600854e-05 -0.0501463960045 -0.384340671212 -8.55542074742e-05 0.999997712675 -0.0021371302579 -0.105263602186 0.050146327728 0.00213873172207 0.998739591506 10.0099662904
0.998640681479 -0.000149812102334 -0.0521226136363 -0.432489279107 8.50571141564e-05 0.999999221899 -0.00124457479766 -0.115830507949 0.052122759532 0.00123844962499 0.998639917178 10.8449185029
0.998568026791 -0.00130380429925 -0.0534807999627 -0.489253669703 0.00123054832125 0.999998259135 -0.00140266825723 -0.132307575137 0.0534825356648 0.00133484896525 0.998567892813 11.706070222
0.998459317525 0.00104396638419 -0.0554788372496 -0.545812098095 -0.00124812279955 0.999992576685 -0.00364537568117 -0.142663287242 0.055474619763 0.00370900371641 0.998453208645 12.5750813554
0.998398660543 0.00185159624214 -0.0565392449272 -0.605637795137 -0.00221208050274 0.999977620403 -0.00631390474433 -0.155684647767 0.0565262887994 0.00642886340088 0.998380412663 13.4362801844
0.998276217809 0.00601518385039 -0.0583815940206 -0.663263276344 -0.00647139613054 0.999949963043 -0.00762839712966 -0.173926556153 0.058332786572 0.00799305785618 0.998265193742 14.3139189418
0.998191531958 0.0069853902251 -0.0597065310554 -0.713764608844 -0.00744242300538 0.999944658806 -0.00743570205996 -0.18492992934 0.0596512855442 0.00786661609071 0.998188279076 15.196789716
0.998105476318 0.00570910112836 -0.0612606260825 -0.775770453485 -0.00609134862966 0.999963117048 -0.00605475146589 -0.195295414236 0.0612237994214 0.00641644042659 0.998103439367 16.0994225115
0.998023110094 0.00546302222388 -0.0626101198449 -0.850510393255 -0.00576963167006 0.99997222849 -0.00471737215449 -0.199224551975 0.0625826099584 0.00506928375941 0.998026913111 17.0231796272
0.997957224339 0.00497698562481 -0.0636915065262 -0.915391434932 -0.00528556501152 0.999975092388 -0.00467732895988 -0.211575476787 0.0636666411239 0.00500441982454 0.997958673789 17.9403765021
0.997842288183 0.00407270001951 -0.065530000983 -0.975864983083 -0.0044340238653 0.99997575432 -0.00536937647193 -0.223227893123 0.065506544304 0.00564835249312 0.997836153267 18.8466839319
0.997766656894 0.00285028974017 -0.0667351050022 -1.02632951876 -0.00327386574109 0.999975180393 -0.00623862176418 -0.235334878968 0.0667156667835 0.00644317055527 0.997751224183 19.7424615044
0.997749005633 0.00395854496449 -0.0669421517384 -1.11992953545 -0.00431970517451 0.999976882141 -0.00525122186792 -0.237704853392 0.0669198169813 0.00552857175633 0.99774303956 20.7019376521
0.997754994441 0.00442186134448 -0.066823784769 -1.20193083115 -0.00454914114142 0.999988116675 -0.00175266181951 -0.247675449618 0.0668152406527 0.0020527179125 0.997763253465 21.6504741535
0.997793533151 0.00499654027354 -0.0662049831058 -1.26987213885 -0.00488645825331 0.999986396636 0.00182457351333 -0.254224443923 0.0662131990503 -0.00149703976625 0.997804375188 22.5963158984
0.99791023599 0.00413038885385 -0.064483337344 -1.34995596908 -0.00384221471969 0.999982073739 0.00459234006763 -0.26566568225 0.0645011495491 -0.00433498433272 0.997908217031 23.5487695123
0.99802579093 0.00477441937108 -0.0626236820894 -1.43610831247 -0.00447254604513 0.999977698454 0.00495973056224 -0.268218820349 0.0626459653181 -0.00466985171552 0.998024887222 24.5161139956
0.998140461494 0.0065514515004 -0.0606027855157 -1.51719886626 -0.00643910281048 0.999977169592 0.00204896319823 -0.28907772473 0.0606148256124 -0.00165492550573 0.998159859009 25.4734306255
0.998197160861 0.0068638370426 -0.0596264688705 -1.59455545271 -0.00706465839615 0.999970058899 -0.00315783284336 -0.286590942798 0.0596030087383 0.00357338041265 0.998215764403 26.4454103118
0.998282763441 0.006209831675 -0.058249139103 -1.65876470153 -0.0065762031814 0.999959770057 -0.00610014905847 -0.298635931564 0.0582089148447 0.00647273183338 0.998283439698 27.3910298647
0.998353560965 0.0034832700759 -0.0572541189537 -1.73066791932 -0.00378400193853 0.999979604914 -0.00514500582844 -0.310382705104 0.0572350298062 0.00535318458712 0.99834638016 28.3684621793
0.9983571763 0.00315482886675 -0.0572101003697 -1.78484488335 -0.00319022744295 0.999994772122 -0.00052742588831 -0.330083329712 0.0572081373438 0.000709072652774 0.998362021632 29.3281097685
0.998312114167 -0.00112289637562 -0.0580660125246 -1.85254476084 0.00128113279042 0.999995566781 0.00268795772554 -0.333564083144 0.0580627368073 -0.00275781103243 0.998309127011 30.3336116088
0.998218864198 -0.00866905024015 -0.0590249669774 -1.92120651176 0.00879306514283 0.999959644358 0.00184164617461 -0.338528092142 0.0590066196638 -0.00235737633236 0.998254807959 31.3353411247
0.998147833375 -0.0102500312155 -0.0599653198889 -2.00586116076 0.0101425418812 0.999946365049 -0.00209663272313 -0.35639467314 0.0599835942028 0.00148454864158 0.998198259136 32.3341128972
0.998053838298 -0.00947715962488 -0.0616337513426 -2.06901681473 0.0091041084391 0.999938516651 -0.00633072881247 -0.3685291848 0.0616899592207 0.00575728783477 0.998078755694 33.3372020978
0.997947283847 -0.00788137421641 -0.0635539345978 -2.14428655882 0.00743971024198 0.999946525478 -0.00718309791505 -0.384901662692 0.0636071487642 0.00669553019578 0.997952554234 34.3244213032
0.997920416331 -0.00769036549891 -0.0639976636164 -2.23869242237 0.0073247865215 0.999955500955 -0.00594504937239 -0.400543469324 0.0640405353841 0.00546391692094 0.997932340111 35.3514508125
0.997865540492 -0.00379214363956 -0.0651918917113 -2.31128147536 0.00357432987754 0.99998763511 -0.00345742590142 -0.4166243083 0.0652041966763 0.00321702883952 0.997866756366 36.3415098914
0.997815009899 -0.00252334445612 -0.0660215021972 -2.40338406341 0.00238168620122 0.999994690111 -0.0022242574328 -0.448153978269 0.066026764198 0.00206215495156 0.997815721427 37.357173943
0.997737090844 -0.00125531816455 -0.0672244131995 -2.46335393125 0.00127887884988 0.999999134973 0.000307444625822 -0.461549789097 0.0672239691077 -0.0003927207868 0.997737833175 38.3337840867
0.997741484159 -0.00126749518126 -0.0671589476092 -2.53459064734 0.00150028474353 0.999993040275 0.00341592557654 -0.47917715922 0.0671541505322 -0.003508968199 0.997736441756 39.3366744868
0.997687170177 0.00399964771832 -0.0678550903156 -2.60952559932 -0.00360439047258 0.99997582376 0.00594644984173 -0.487237581108 0.0678772335392 -0.00568812047415 0.997677466145 40.3135578621
0.997675945623 0.00359566253207 -0.0680424774386 -2.68341189572 -0.00324834327203 0.999981128968 0.00521440056174 -0.490285321984 0.0680599426315 -0.00498125668749 0.997668798395 41.3104085462
0.99771965869 0.00519673212194 -0.0672939569222 -2.77696601354 -0.00498899601777 0.99998225832 0.00325468331993 -0.506015346778 0.0673096767317 -0.002911532248 0.997727883943 42.3212274578
0.997709188847 0.00841200767756 -0.0671238602635 -2.86373882413 -0.00835531378122 0.999964460569 0.00112531347374 -0.526067614284 0.0671309408653 -0.000561894678374 0.997744015794 43.3299935321
0.997642699207 0.00771712562671 -0.0681871739414 -2.9346159555 -0.00766399445315 0.999970089553 0.00104076304936 -0.533046685792 0.0681931661318 -0.000515723534937 0.997672003277 44.3340735375
0.997575151161 0.00661549616398 -0.0692824147657 -3.01279393518 -0.0064866149753 0.999976787945 0.00208504121422 -0.549814517786 0.0692946001607 -0.00163057695531 0.997594907569 45.3347781347
0.997514948897 0.00744663163279 -0.0700605053139 -3.08896082686 -0.00724049245411 0.999968680594 0.0031957940835 -0.57005908811 0.0700821089618 -0.00268057981183 0.997537624601 46.3263480855
0.997497345731 0.0105409311142 -0.069913761389 -3.17666764951 -0.0105976610363 0.999943746165 -0.000440551439656 -0.589113758604 0.0699051846494 0.00118037123669 0.997552941895 47.2999102315
0.99742714193 0.011938268471 -0.0706864505193 -3.25552228146 -0.0123061464822 0.99991289363 -0.00477115401466 -0.607328404195 0.0706233339616 0.00562875632695 0.997487173753 48.2624454492
0.997360266024 0.0129528913395 -0.0714473397854 -3.32779720151 -0.013443840062 0.999889178299 -0.00639486402187 -0.618012395314 0.0713565898908 0.00733850989097 0.997423873462 49.227031078
0.997360455378 0.0122284423227 -0.0715722519299 -3.39292452624 -0.0124621495515 0.999918368777 -0.00281968285572 -0.640339059766 0.0715319290703 0.00370418428429 0.997431432301 50.2001159749
0.997347356265 0.0110163510917 -0.0719506147241 -3.4529970084 -0.0110345761541 0.999939106814 0.000144194963182 -0.659969843705 0.0719478219243 0.00065013207219 0.997408185373 51.1631640309
0.997315729641 0.0104026692429 -0.0724784097794 -3.51206392259 -0.010392624893 0.99994586223 0.000515709266237 -0.679278858191 0.0724798507129 0.000238915962539 0.997369848231 52.125846166
0.997318164444 0.00763368083704 -0.0727887751498 -3.57019299826 -0.00769806324325 0.999970187054 -0.000604008638821 -0.6993757701 0.0727819942928 0.00116272138148 0.997347196008 53.0683224556
0.997300777783 0.00529384291739 -0.0732334203758 -3.643743454 -0.00545124189452 0.999983241432 -0.00194956865866 -0.717179971126 0.0732218723782 0.00234351942886 0.997312922468 54.0334682994
0.997217221288 0.00458246329053 -0.07440977488 -3.7046559877 -0.00467113609957 0.999988572327 -0.00101769475795 -0.734718818115 0.0744042610006 0.00136244092424 0.997227230725 54.9632588452
0.997149209883 0.00233456929883 -0.0754188505276 -3.77240136538 -0.00212308789741 0.999993587082 0.00288414509747 -0.749929183827 0.0754251001093 -0.00271580215634 0.997147771743 55.910446325
0.997103900122 0.00256754906554 -0.0760080262376 -3.83634229467 -0.00196717069794 0.999966282607 0.00797269642888 -0.774484400248 0.0760259337344 -0.00780008594171 0.997075331186 56.8528794562
0.997061871681 0.0054722367007 -0.0764047031636 -3.91467912222 -0.00471266650049 0.999937704771 0.0101181693386 -0.791310969072 0.0764553125327 -0.00972837097366 0.99702554831 57.7990527609
0.996945690921 0.00679442935431 -0.0778018321308 -3.99650112578 -0.00633210668808 0.999960809044 0.00618747121776 -0.804175362725 0.0778408233387 -0.00567592326667 0.996949642719 58.7337400661
0.996807493083 0.00907700114234 -0.0793248371212 -4.07533775573 -0.0092422016093 0.999955818107 -0.00171567592729 -0.816392805622 0.0793057592073 0.00244333475733 0.996847343715 59.6563969721
0.996705741549 0.0106726046791 -0.0803975141001 -4.15527360198 -0.0112419254764 0.99991481423 -0.00663199788407 -0.828609352711 0.0803198846842 0.00751397323099 0.996740817028 60.5736360092
0.996518465174 0.0162197928115 -0.0817793793578 -4.22671415908 -0.0167376875351 0.999843944601 -0.00565121759773 -0.852440756142 0.0816749556656 0.00700034038535 0.996634434912 61.4711633902
0.996390606041 0.0192036394612 -0.0826860352495 -4.30684390019 -0.0195100085712 0.9998054595 -0.00289874448403 -0.884444882254 0.0826142830229 0.00450148702963 0.996571430884 62.3450717654
0.996304426485 0.0219852257897 -0.0830309557586 -4.42222024758 -0.0221610408719 0.9997536982 -0.00119632884182 -0.908619421347 0.082984203525 0.00303196012483 0.996546250398 63.2587852966
0.996199300553 0.0226743083393 -0.0841001148606 -4.50634155988 -0.0228879183115 0.999736794207 -0.00157654817916 -0.919807531417 0.0840422320837 0.00349543275228 0.996456062843 64.1293772588
0.995984868045 0.0247396526725 -0.0860354125351 -4.57299409222 -0.0248801726722 0.999690283056 -0.000561223705391 -0.941495030376 0.0859948814305 0.00269954623796 0.996291921486 64.9761338943
0.995823679891 0.0253566917978 -0.087705397493 -4.63642441533 -0.0254321340306 0.999676517853 0.000257316693121 -0.9631428089 0.0876835510628 0.00197429336801 0.996146423493 65.8021803366
0.995694998433 0.0253623026475 -0.0891528109448 -4.71835006422 -0.0253995090853 0.999677123083 0.000717303087215 -0.979150135108 0.089142218018 0.00155022253528 0.996017701538 66.6298039382
0.995581847376 0.0251104071552 -0.0904779123772 -4.79684531381 -0.0250608207948 0.999684509526 0.0016842430733 -0.989950905051 0.0904916594871 0.000590648917633 0.995897038201 67.4439376791
0.995365118034 0.0279357311218 -0.0920210667631 -4.86591502647 -0.0276341978422 0.99960774931 0.00454957467581 -1.00347303858 0.092112067131 -0.00198555956961 0.9957466669 68.2283308605
0.995178619679 0.0295987703761 -0.0935062977919 -4.93409011403 -0.028908093022 0.999543927741 0.00873262129 -1.01820153346 0.0937221270157 -0.00598742924685 0.995580390324 69.0159472387
0.994922757195 0.0330805201944 -0.0950493892639 -5.02170501342 -0.0322271247565 0.999425416774 0.0104999397778 -1.02979899788 0.0953421189491 -0.00738346050826 0.995417181319 69.8003359447
0.994748070855 0.0357436418703 -0.0959096845754 -5.12678147524 -0.035295303333 0.999356640896 0.00636756313842 -1.0375914701 0.0960755801031 -0.00294895973833 0.99536967331 70.5532773865
0.994614605776 0.0357476539209 -0.0972825329447 -5.20914174577 -0.0359833185367 0.999352167067 -0.000668555448399 -1.05778901683 0.0971956108272 0.00416550338475 0.995256580896 71.2855178787
0.994471944405 0.0351161084444 -0.098956610287 -5.27880720188 -0.0359298943167 0.999333478483 -0.00645302076418 -1.07005970891 0.0986640486001 0.0099728486562 0.995070825521 71.9883584033
0.994373433243 0.0362158983986 -0.0995484001101 -5.3519552384 -0.0371566228115 0.999280465892 -0.00761156148631 -1.08256310884 0.0992011121034 0.0112676168819 0.995003608118 72.6848976177
0.994192646992 0.0388095112358 -0.100373315701 -5.42634052434 -0.0393995474868 0.999215917543 -0.00390202340718 -1.10028738753 0.100143179123 0.00783402619816 0.994942195159 73.3626157946
0.994070272423 0.0390898007755 -0.101470591604 -5.51108498346 -0.0394477603057 0.999220473856 -0.00152277204037 -1.12205722851 0.101331967769 0.00551652999269 0.994837373748 74.027537936
0.994091650264 0.0359189356779 -0.102428613848 -5.58745860119 -0.0365829581654 0.999319981498 -0.00461104665412 -1.14117086915 0.102193336607 0.00833094467319 0.99472967047 74.6697566883
0.99433593239 0.0278324891317 -0.102573905581 -5.64520730639 -0.0289886333681 0.999531722882 -0.00979765730073 -1.15846784728 0.102253179378 0.0127156400494 0.994677133448 75.2882387768
0.994533523119 0.0236976671149 -0.10169312644 -5.70283871826 -0.0252846663309 0.999577362761 -0.0143450864357 -1.17856063598 0.101310202055 0.0168379461226 0.994712383823 75.8859115385
0.994785292584 0.0264113784243 -0.098512236544 -5.76997140228 -0.0279818453086 0.99950188903 -0.0145941823659 -1.19605438698 0.0980777140451 0.0172746321389 0.995028818222 76.4693498566
0.995023567095 0.0315021599314 -0.0945289101021 -5.82968945519 -0.0327642296974 0.999393111279 -0.011828540915 -1.20983441809 0.0940989169851 0.0148668438985 0.995451842519 77.0472975617
0.99547151687 0.0299600898057 -0.0902155868988 -5.87042354207 -0.030894398184 0.999482336096 -0.0089775270791 -1.22359668105 0.0898999180284 0.0117240287632 0.995881796143 77.6107158407
0.996063502337 0.0265312763468 -0.0845789021454 -5.90494521301 -0.0270261452698 0.999623625308 -0.00471117803801 -1.2420928653 0.0844220752207 0.00697847419282 0.996405647371 78.153751475
0.996827952738 0.0223623665254 -0.0763803456578 -5.93356998747 -0.0225439349876 0.999744704289 -0.0015156654522 -1.25719862264 0.0763269522168 0.00323277123659 0.997077602574 78.6772353495
0.9974877907 0.0262708711074 -0.0657871471994 -5.96544803152 -0.0264657236854 0.999647532448 -0.00209197048763 -1.26655785147 0.0657090014777 0.00382781947975 0.997831486235 79.197004482
0.998220298318 0.0315030826357 -0.0506338998119 -5.99505103326 -0.0316892292163 0.999493628028 -0.00287754813729 -1.27884930438 0.0505176085874 0.00447697621728 0.998713135944 79.7048188928
0.998786009189 0.0368304913563 -0.0327112022749 -6.00516105944 -0.0369433143878 0.999313295337 -0.0028511901439 -1.28559657101 0.0325837286058 0.00405618905491 0.9994607786 80.1993496955
0.999322236972 0.0352332466583 -0.0106623178694 -5.99038196779 -0.0352653158841 0.999373964899 -0.00283474456417 -1.29384068313 0.0105557656297 0.00320883328683 0.999939137748 80.6777140331
0.999374522097 0.0318280496178 0.0154123275718 -5.95533995243 -0.0317942973478 0.99949147931 -0.00243011177838 -1.30577902417 -0.0154818358026 0.00193856767152 0.999878269949 81.154413962
0.998514013833 0.0308622824542 0.044914181501 -5.90914111212 -0.030826585324 0.999523641242 -0.00148735853117 -1.31859063172 -0.0449386895164 0.000100597488667 0.998989741721 81.6156795854
0.996482163944 0.0304821143078 0.0780649578786 -5.85154224731 -0.0305255702048 0.999533783305 -0.000636864289161 -1.33052696972 -0.078047975662 -0.00174835344725 0.996948071243 82.066652438
0.992818217174 0.0311454729392 0.115507346792 -5.7718078162 -0.0312262201371 0.999511725447 -0.00111079680454 -1.33591236715 -0.115485543786 -0.00250403853526 0.993306004697 82.5151102957
0.987096675957 0.0315397967815 0.156988514015 -5.66645088569 -0.0315653132659 0.999498972634 -0.00233124494605 -1.34151815582 -0.156983385465 -0.00265422748695 0.987597677075 82.9487131603
0.978829046668 0.0310489496707 0.20231080081 -5.55318218575 -0.0310708595362 0.999512474733 -0.00306831222917 -1.36021204652 -0.202307437055 -0.00328261734047 0.97931656033 83.3672310408
0.967134168087 0.0332916734019 0.252077697149 -5.43788021047 -0.0328299262275 0.999442710808 -0.00603852280017 -1.3739696839 -0.252138249501 -0.00243563047618 0.96768815785 83.7676414139
0.951543296061 0.034792402872 0.305540250089 -5.28805893301 -0.033244616476 0.999394486525 -0.0102691663847 -1.38213708177 -0.305712530325 -0.000386012002694 0.952123783863 84.1544422053
0.931573385676 0.0349333363948 0.361871094602 -5.12373712584 -0.032293996023 0.999389369287 -0.0133411534841 -1.39768805533 -0.362116176001 0.000741999830118 0.932132675382 84.5166996878
0.907030932508 0.0353433751323 0.419578041975 -4.93719065045 -0.0315153595201 0.999374331779 -0.0160538810376 -1.41500054824 -0.419882923668 0.0013382138483 0.907577291252 84.8637492999
0.877778374657 0.0355822434821 0.477743685393 -4.72228632973 -0.0299465860836 0.999363019693 -0.0194102254374 -1.42398811078 -0.478130031442 0.00273108373562 0.878284813836 85.1928607004
0.844253904922 0.0339261512026 0.534868544868 -4.48615408159 -0.0259442142673 0.999411489211 -0.022440431778 -1.44165710968 -0.53531508644 0.00506867802387 0.844637239727 85.4943354509
0.807372965156 0.0335518204002 0.589086725773 -4.22822166248 -0.0234935657025 0.999418233516 -0.0247234076665 -1.45705185696 -0.589573530194 0.00612126326002 0.807691514522 85.7758301931
0.76710426687 0.0327128499827 0.640687843802 -3.95668650231 -0.0219354844362 0.999452556687 -0.0247673465299 -1.47279757616 -0.641147314018 0.00494533897591 0.76740189298 86.0434267628
0.724317085806 0.0323646133176 0.688706970354 -3.6662272836 -0.0224482821885 0.999475063052 -0.0233596439308 -1.4900317791 -0.689101468461 0.00145950080179 0.724663394979 86.2886561773
0.679021599641 0.0314495678222 0.733444334564 -3.35905470527 -0.0201590763438 0.999503989252 -0.0241947744308 -1.50077864708 -0.733841453491 0.00164321410256 0.679318791869 86.5139671529
0.632352360289 0.0303413573412 0.774086490305 -3.0388542338 -0.0157790256585 0.999529871083 -0.0262880041551 -1.51576565846 -0.774520183589 0.00440895088233 0.632533830214 86.7206778047
0.585433372703 0.0277873757574 0.810244177933 -2.70339840402 -0.00884156937501 0.999571839904 -0.0278919974351 -1.53085991045 -0.810672309122 0.00916507601999 0.585428397505 86.9044072272
0.538231780897 0.030041199051 0.842261287483 -2.3708771999 -0.00956212152124 0.999517872143 -0.0295396191494 -1.54617657961 -0.842742615432 0.00784535703826 0.538259541958 87.0759962659
0.490278782013 0.0330676964087 0.870938139802 -2.0337259617 -0.0121958067905 0.999442451233 -0.0310813283049 -1.56344477821 -0.871480337245 0.00461672250516 0.490408714919 87.2372033804
0.444378030596 0.0354640170776 0.895137123248 -1.68635936797 -0.0116325593301 0.999360296158 -0.0338183681779 -1.57680369138 -0.895763835778 0.00461540415407 0.444506297546 87.3778337087
0.401854383483 0.0331339991569 0.915103924467 -1.33400018681 -0.00341565445247 0.999392423641 -0.0346859751767 -1.59127631571 -0.915697214029 0.010813032376 0.401723400551 87.4894415876
0.362606459948 0.0256874043219 0.931588274112 -0.959042500573 0.0127845256775 0.9993888898 -0.0325331038693 -1.60233676956 -0.931854662009 0.0237066278365 0.362056466161 87.5813165432
0.327303297208 0.0221394629043 0.944659936601 -0.588933035223 0.0179664754924 0.999398940231 -0.0296473274102 -1.61353167184 -0.944748515424 0.0266758776143 0.326708800246 87.6708282794
0.293905565232 0.0262940989341 0.955472730687 -0.218479518406 0.016324537317 0.999337672292 -0.0325227031532 -1.62931125393 -0.955695049797 0.0251562537005 0.293281664433 87.7691482902
0.26225552631 0.0341355666871 0.964394526118 0.146009726551 0.00572211810621 0.999301575997 -0.0369271928853 -1.65407531627 -0.964981500488 0.0152027397847 0.261877033011 87.8674182315
0.233826132645 0.0383913009019 0.971520173598 0.533944199161 0.00238778076421 0.999194439408 -0.0400595900962 -1.67706096268 -0.972275495009 0.0116867562101 0.233546101518 87.9548311952
0.208193218058 0.0402322205317 0.977259920587 0.938951105995 0.00461833222789 0.999102082868 -0.0421153061875 -1.70109524704 -0.978076814449 0.0132814321109 0.20782047204 88.0246607047
0.185085487544 0.0418124351441 0.981832512483 1.36006742909 0.0122794308483 0.998918044133 -0.0448548401281 -1.72126416191 -0.982645703129 0.0203583243954 0.184371800309 88.0714383352
0.165153367663 0.0482489466706 0.985087003414 1.77549859261 0.0201628681663 0.998428749675 -0.0522827942084 -1.72980622199 -0.986061774889 0.0284968589165 0.163921033229 88.1142534165
0.145373405533 0.055310656475 0.987829592715 2.21846587678 0.0229693521662 0.997978335768 -0.0592591781802 -1.73728640122 -0.989110197008 0.0313045143364 0.143809059372 88.1725470832
0.128180409705 0.056134657233 0.99016093784 2.61655076286 0.0219835185288 0.997990713978 -0.0594244034621 -1.75153225254 -0.991507189828 0.0293842657058 0.126688821323 88.203119043
0.113682147621 0.0517165783946 0.992170229765 3.03379003765 0.0208450850249 0.998300282488 -0.0544245203431 -1.77646823238 -0.993298470623 0.0268689691545 0.11241088361 88.1865042407
0.0992812780656 0.0485859233445 0.993872545087 3.50050621036 0.0224378016545 0.998443970476 -0.0510507872356 -1.80040428485 -0.994806399699 0.0273687024396 0.0980366321545 88.2312139825
0.0863365815894 0.0462103582576 0.995193748709 3.94940144093 0.0253805862791 0.99849747452 -0.0485656176374 -1.82378076207 -0.995942679334 0.0294515902131 0.085034012691 88.245945293
0.0747492517922 0.0458136630694 0.996149415315 4.48029341775 0.0298054278677 0.998395151089 -0.0481534915918 -1.83957253234 -0.99675683385 0.0332900970113 0.0732637947068 88.2841833363
0.0654034447087 0.0456072907964 0.996816113657 4.88939777114 0.0330799241272 0.998306808589 -0.0478459459659 -1.89554118183 -0.997310437146 0.03610389109 0.0637840184386 88.2590984951
0.0577312745501 0.046203226333 0.997262433773 5.43062244213 0.0363806929662 0.998167622917 -0.0483512330765 -1.92166382689 -0.997669055909 0.0390724767214 0.0559445836944 88.2840210074
0.0525933259272 0.046623630987 0.997527031765 5.99637732867 0.038928004293 0.998054533009 -0.0487007147902 -1.94980938575 -0.997856980007 0.0413930691408 0.0506760424405 88.2961837388
0.0479866034782 0.0477257356679 0.997707141421 6.49623555432 0.0407002469778 0.997934856601 -0.0496941835282 -1.96468707649 -0.998018424571 0.0429915821475 0.0459450550319 88.2697487145
0.0421501855612 0.0483134331251 0.997942470304 7.05898988201 0.0417804245051 0.997871196071 -0.050074666057 -2.00158776759 -0.998237325482 0.0438051165072 0.0400419003353 88.2856462003
0.038230606083 0.0484092738088 0.998095668244 7.6267576383 0.0446458677996 0.997745707319 -0.0501023953046 -2.026168575 -0.998271089057 0.0464762921945 0.0359831490687 88.2864897055
0.035475190384 0.048122195065 0.99821128285 8.18053570511 0.0456797538808 0.997717946771 -0.0497218138812 -2.07115085749 -0.998326034396 0.0473619365353 0.0331960240845 88.2821420301
0.0322483133073 0.0479348342971 0.998329754114 8.80208763621 0.04622134398 0.997709084035 -0.0493980869536 -2.10043444961 -0.998410553655 0.0477371479552 0.0299588226668 88.2995249085
0.0297240641671 0.0473900061806 0.998434107652 9.45298575783 0.0484405931004 0.997633521463 -0.0487941163792 -2.1355961183 -0.998383688243 0.0498150997926 0.0273581228008 88.3239906265
0.0293925303199 0.0471112816532 0.998457112901 10.0459732111 0.0518730826309 0.997470812656 -0.0485917811822 -2.16701247582 -0.998221048896 0.0532212837226 0.0268743836981 88.3107531004
0.0301363027806 0.047120526464 0.998434504232 10.7679516376 0.0557707625141 0.99725284806 -0.0487481187774 -2.19863876267 -0.997988689968 0.0571525416889 0.027425566087 88.3495967184
0.0323731041565 0.0473913435117 0.998351662836 11.4860876506 0.0572161611567 0.997149284277 -0.0491895900375 -2.23282508015 -0.997836806813 0.0587142693536 0.0295692668917 88.3806582531
0.0360001142294 0.047234614704 0.998234883657 12.1869283861 0.0589503493334 0.997042604464 -0.0493041701717 -2.28111126784 -0.99761157175 0.0606212508665 0.0331091506149 88.4039193086
0.0406215985412 0.0467658402645 0.998079576946 12.9115640222 0.0594812077274 0.99701932679 -0.0491370322078 -2.32028321389 -0.997402562489 0.0613630034407 0.0377188301714 88.4231455863
0.0444326813955 0.045247001865 0.997987197135 13.6388333681 0.0610703139415 0.996982471356 -0.0479204399417 -2.35796527651 -0.997143998417 0.0630766250789 0.0415353558979 88.4595463669
0.0481131015594 0.0441441498722 0.997865934628 14.4117368027 0.0608863075467 0.997035507709 -0.0470431070445 -2.39040154301 -0.996984446725 0.063019761973 0.0452826963552 88.5086765372
0.052037399274 0.0418026149896 0.997769838418 15.198421538 0.0571531757465 0.997361267331 -0.0447662476556 -2.44736790707 -0.997008336765 0.0593552340329 0.0495109342874 88.5578616544
0.0556935864876 0.0406272526315 0.997620995553 15.9806589706 0.054678621915 0.997548287182 -0.0436768021406 -2.50248695094 -0.996949583845 0.0569810589878 0.0533355996217 88.6066564447
0.0598553342072 0.0414230207548 0.997347217532 16.7598798447 0.0511035695065 0.997701237098 -0.0445046815223 -2.55508102478 -0.996898071094 0.0536318454395 0.0576008767651 88.6461206974
0.0631142845629 0.045756715816 0.996956824563 17.5535130749 0.0488983195593 0.997606881174 -0.0488821539836 -2.59475230181 -0.996807675246 0.0518346755708 0.0607258180684 88.6952623729
0.0643658816702 0.0507398734671 0.99663558963 18.3433837806 0.0425737055052 0.997657652933 -0.0535414525824 -2.65179500368 -0.997017809709 0.0458767128903 0.0620549300056 88.7479549606
0.0641900205913 0.0541240880994 0.99646887776 19.1655038405 0.0404820125646 0.997565008605 -0.0567913749177 -2.69224847404 -0.997116265997 0.0439845051551 0.0618426664291 88.8086600974
0.0642595697808 0.0537767010695 0.996483203127 19.9769289176 0.0373549090915 0.997717545799 -0.0562521961472 -2.74829653926 -0.99723383339 0.0408382813876 0.0621040764761 88.8611638963
0.0639161454659 0.0518058625268 0.996609692385 20.7844621181 0.0342860836958 0.997948110766 -0.0540743255459 -2.81122916329 -0.997366126763 0.0376260657828 0.0620087764766 88.9242255343
0.0634736856327 0.0506118938953 0.996699316458 21.6083412832 0.0352765967598 0.997975296573 -0.0529232382948 -2.86595727191 -0.997359841258 0.0385193928677 0.0615597548716 88.9867156314
0.0640276503267 0.050184391347 0.996685500476 22.4133310058 0.032740632004 0.998091500036 -0.0523584622736 -2.91544495041 -0.997410903795 0.0359845025089 0.0622623848689 89.0382255436
0.0642154985393 0.0506835682459 0.996648155397 23.2239116088 0.0309784746773 0.998126880635 -0.0527547558117 -2.96781238979 -0.997455113704 0.034262312589 0.06252511561 89.0917899287
0.0642911527429 0.0514238522202 0.996605355746 24.028865226 0.0282851872825 0.998176288424 -0.0533295922354 -3.01928741672 -0.997530248092 0.0316177900942 0.0627193709326 89.1475132421
0.0626189429973 0.0527187798346 0.996644168312 24.8487510159 0.024811356956 0.998213060988 -0.0543606607651 -3.07661153143 -0.997729053673 0.0281321013359 0.0611990223004 89.2151429924
0.0599573238964 0.0526947132493 0.996809102339 25.6518804818 0.0224253623621 0.998282509843 -0.054121471389 -3.12364327045 -0.997949007933 0.0255987839156 0.0586726497436 89.2638914279
0.0561332996244 0.0514740556987 0.997095519127 26.4533459491 0.0198076240867 0.998416177068 -0.0526573394418 -3.17807431828 -0.998226783202 0.0227059234337 0.0550248156717 89.3080512366
0.0511855290819 0.049184606676 0.997477275971 27.2568817747 0.0179222040472 0.998580443124 -0.050158680334 -3.22943372495 -0.998528335209 0.0204443898633 0.0502313717553 89.3527726509
0.0447831407432 0.0472498989509 0.997878708739 28.0777612632 0.0157918767352 0.998722561083 -0.0479985688742 -3.28050942622 -0.99887190717 0.0179079042305 0.0439797684364 89.3967230915
0.0371328937341 0.0477391098022 0.998169387228 28.901713761 0.0156934535055 0.998707226393 -0.0483486449294 -3.32913802071 -0.999187101458 0.0174600499634 0.0363356978091 89.4337842377
0.0287768853482 0.0487094620806 0.998398356957 29.696973074 0.0158941422273 0.998663433527 -0.0491805121805 -3.37948838542 -0.999459487479 0.0172839474454 0.02796422801 89.4494928654
0.018836658261 0.049454557496 0.998598731748 30.5028069862 0.0163035365261 0.998627951151 -0.0497635396415 -3.42296324979 -0.999689639339 0.0172180696881 0.0180045292612 89.4619665936
0.00880169153636 0.0488320730101 0.998768220796 31.2972344014 0.0182547839706 0.998632617075 -0.048986314168 -3.46426386366 -0.999794625455 0.0186634605342 0.00789823731001 89.463130226
-0.00198620104415 0.0481311895664 0.998839047893 32.0927796947 0.0170030914758 0.998698247545 -0.0480905939906 -3.51098027846 -0.999853464206 0.0168878341129 -0.00280199452111 89.4607755187
-0.012901339368 0.0473182706666 0.998796544199 32.8795145637 0.0184322368723 0.998721204853 -0.0470766143732 -3.56242388508 -0.999746872006 0.0178027031116 -0.0137570227712 89.4461135067
-0.0241040158135 0.0476580681638 0.998572834079 33.6484855551 0.0187563536641 0.998708788618 -0.0472118071606 -3.61169209983 -0.999533488993 0.017591591089 -0.0249667840154 89.4277125613
-0.0349474407759 0.0483288056599 0.998219917116 34.4257636063 0.0198110996509 0.998667282849 -0.0476568830017 -3.65984528701 -0.999192772549 0.0181103481553 -0.0358583125071 89.3958271476
-0.0459440162483 0.0496737256983 0.997708208018 35.2066005337 0.0196220027292 0.998615063132 -0.0488152916059 -3.70537003359 -0.998751282542 0.0173342626299 -0.0468550846675 89.3678294266
-0.0564120208903 0.0509083320393 0.997108833392 35.9864065896 0.0208973156828 0.998540608283 -0.0497991546854 -3.75018124768 -0.998188852921 0.0180276271071 -0.0573935411398 89.3277926914
-0.0661402396394 0.0515934440543 0.996475581854 36.75668228 0.0216493564665 0.998501426864 -0.0502613759858 -3.79862532452 -0.997575447806 0.0182487556294 -0.0671580885148 89.2805238384
-0.0764841580478 0.0518822270295 0.995720045036 37.5364962076 0.0216318590686 0.998496569847 -0.0503652923803 -3.85151261246 -0.99683611303 0.0176871287034 -0.0774914784816 89.239460204
-0.0858316425193 0.052562637521 0.994922156894 38.2897254252 0.0232571767784 0.998440953713 -0.0507421489239 -3.89404088442 -0.99603816838 0.0187837984965 -0.0869202855685 89.1757913973
-0.0943355328308 0.0524436704142 0.994158170856 39.0207226125 0.0245537715894 0.998430310203 -0.0503391295883 -3.93162799402 -0.99523761964 0.019661564039 -0.0954751452121 89.1037677619
-0.101712239577 0.0514646624974 0.993481760695 39.7513254163 0.027315941752 0.998428889908 -0.0489243407962 -3.97964307645 -0.994438766162 0.0221616856346 -0.102958244174 89.0264930737
-0.106879643063 0.0500640718016 0.993010740432 40.4740163093 0.0304754884453 0.9984272041 -0.0470570156041 -4.02143120561 -0.993804803019 0.0252330503147 -0.10823727024 88.9447783489
-0.110566411611 0.048753014659 0.992672258193 41.1803970133 0.034309514336 0.998388055595 -0.0452122513298 -4.06220407145 -0.993276359252 0.029059146683 -0.112060876958 88.8618515682
-0.113249459159 0.0477183915734 0.992420029577 41.8875718468 0.0361932805584 0.998381211919 -0.043874846198 -4.10378884467 -0.992907148953 0.0309501339597 -0.114793217418 88.777924122
-0.115133486722 0.0472389043932 0.992226166832 42.5843220054 0.0369539178439 0.998380873305 -0.0432439565161 -4.1385771969 -0.992662424085 0.0316878167584 -0.116692733612 88.6998083481
-0.115888463861 0.0477421636829 0.992114181811 43.2409749653 0.0376787819717 0.998336531066 -0.0436403497779 -4.17761268734 -0.992547315413 0.0323242408494 -0.117494553577 88.622932249
-0.114854284064 0.0486894857888 0.99218840318 43.8578795821 0.0380050765464 0.99828223713 -0.0445891151304 -4.21927426278 -0.992655079869 0.032586945316 -0.116507439274 88.5532240074
-0.111538037598 0.0507070275192 0.992465648538 44.4821873921 0.0396447397282 0.99812936847 -0.0465409326281 -4.24960641475 -0.992969063355 0.0341549580322 -0.113339657937 88.4731932476
-0.106486027715 0.0512330295791 0.992993405105 45.0975289515 0.0394243454432 0.998103886606 -0.0472689383058 -4.28970980375 -0.993532307924 0.0341146335512 -0.108303946788 88.4137067951
-0.0983928702716 0.0518512189156 0.99379590167 45.6936099041 0.0383079611014 0.998098820585 -0.0482829624452 -4.32894225045 -0.994410047815 0.0333195954837 -0.100192122249 88.3562280702
-0.0871571168669 0.051716352302 0.994851273248 46.23711823 0.0364757457201 0.998147582321 -0.0486921336754 -4.37021120636 -0.995526572701 0.0320440760871 -0.0888820579989 88.3111363284
-0.0732903849789 0.0521036938696 0.995948655582 46.8036581115 0.0358500897897 0.998126568348 -0.0495794778188 -4.40868315461 -0.996666087781 0.0320711497122 -0.0750210025554 88.2741175747
-0.0560402907087 0.0535421884923 0.996991835407 47.3506994276 0.0344296995512 0.998070808054 -0.0516648613682 -4.44414225046 -0.997834696534 0.0314308154976 -0.0577756196942 88.2552167989
-0.0347658893364 0.0564768285147 0.997798426928 47.8910961202 0.0321038910813 0.997949826383 -0.0553668149753 -4.47649485807 -0.998879709032 0.0301083354568 -0.0365077391785 88.2518122827
-0.00988741450735 0.0595719948293 0.998175042999 48.4078013275 0.0293447275517 0.997811197588 -0.0592596062517 -4.51867839631 -0.999520448015 0.0287052503952 -0.0116138968686 88.256492113
0.0186358963504 0.061257683937 0.997947994399 48.9287185932 0.0269602295492 0.99772760703 -0.0617476169058 -4.56166427786 -0.999462780392 0.0280556291957 0.0169420270499 88.2780391858
0.0520869945322 0.0605955660104 0.996802449024 49.4440286973 0.0232645529148 0.997812875654 -0.0618726575898 -4.60271132327 -0.998371526827 0.0264129240985 0.0505633450465 88.316419052
0.0904732827255 0.0581515095736 0.994199671619 49.9618430275 0.0209460906576 0.997961854256 -0.0602776802434 -4.64428541235 -0.99567858589 0.0262781160602 0.089070838198 88.3757077508
0.132811634288 0.0544985473613 0.989641843362 50.4920215255 0.0167283661441 0.998221664051 -0.0572160046199 -4.68217789885 -0.991000116834 0.0241540421882 0.131663778929 88.4634727358
0.178649341658 0.0505733000767 0.982612209391 50.9705093258 0.0130488799431 0.998468523937 -0.0537618213824 -4.71529132872 -0.983826275039 0.0224265027473 0.177715819547 88.5681873056
0.227187707621 0.0476636452038 0.972683875898 51.4617292927 0.00737942616674 0.998688616785 -0.0506615314954 -4.74899201051 -0.973823027852 0.0186875260508 0.226538047124 88.7060885776
0.279186735673 0.0461031296619 0.959129432381 51.9427695644 0.00181991628002 0.998819547968 -0.0485406891317 -4.78463574364 -0.960235103779 0.0152974518146 0.278773265288 88.8629010585
0.334679624648 0.0455440111351 0.941230732549 52.4261782681 -0.000875333782309 0.998845960416 -0.0480206325598 -4.81987036945 -0.94233156725 0.0152476362233 0.334333257325 89.0458597759
0.393158765072 0.0465620512732 0.918290891182 52.8791573928 -0.000524101891277 0.998728155107 -0.0504162425636 -4.84283640424 -0.919470451273 0.019340309673 0.392683131363 89.2605855383
0.453791307436 0.0503473106595 0.889684549492 53.3099271067 -0.00157406835286 0.998446349271 -0.055699281297 -4.86937914531 -0.891106599462 0.0238754253896 0.453165524349 89.4947353429
0.513891105484 0.0536404000729 0.856176756975 53.7033579205 -0.00243943178073 0.998130518672 -0.0610697704954 -4.8953649314 -0.857851957436 0.0292946270807 0.513061247754 89.7605745462
0.572331288979 0.058058198826 0.817964633223 54.0666965671 -0.00891332778114 0.997872003899 -0.064591148176 -4.9213034991 -0.819974053396 0.0296767482029 0.571630861984 90.0523721548
0.62823643979 0.0609483552223 0.775631532182 54.4092541736 -0.0148051062488 0.997682889749 -0.0664052733626 -4.94919017022 -0.777881600598 0.0302349052768 0.62768309357 90.3743964311
0.681101473866 0.0614994231928 0.729601674371 54.7208872963 -0.0181839532317 0.997579693081 -0.0671125904539 -4.98090181611 -0.731963199992 0.0324434415485 0.680571301891 90.7064282405
0.729988611966 0.0591734773376 0.680892888771 55.0139352961 -0.0202906641865 0.99768217115 -0.0649505528529 -5.01302297468 -0.683158045657 0.0335973949705 0.729497292459 91.0680874195
0.775036294745 0.0553548021897 0.629487559609 55.2835753279 -0.0239894837862 0.998015179603 -0.058225475092 -5.04542513081 -0.631461199517 0.0300257748702 0.774825920029 91.4517631382
0.81597354537 0.0501305277018 0.575911541341 55.5050115439 -0.0262168551936 0.998416922577 -0.0497626889848 -5.07433482227 -0.577494458641 0.0255064482744 0.815996060858 91.8101478949
0.851902428187 0.0478201405876 0.521512691124 55.7125619625 -0.0302577206702 0.998653231011 -0.0421449229691 -5.09684304717 -0.522825710146 0.0201235768791 0.852202040871 92.2261696273
