1 4.35834762988e-44 -8.71502625723e-43 9.63639137582e-45 -4.35834762988e-44 1 -2.8928181284e-45 -9.1125919968e-46 8.71502625723e-43 2.8928181284e-45 1 -8.9028301139e-44
0.999980127216 0.000539117765455 -0.00628128376042 -0.0122014666724 -0.000539229140728 0.999999854487 -1.60377624671e-05 0.00197514920138 0.00628127420017 1.94244949969e-05 0.999980272414 0.091715488185
0.999911477887 0.00111779779195 -0.0132584659214 -0.0237473559916 -0.00112057607488 0.999999351728 -0.00020212080474 0.00289436501816 0.0132582313961 0.000216960032281 0.99991208225 0.191478494239
0.999779158541 0.00126598384764 -0.0209769261851 -0.0324746786885 -0.00127883019455 0.999999002895 -0.000599000558507 -0.00195062586632 0.0209761469439 0.000625694200944 0.999779780635 0.292682636976
0.99953901248 0.00196810255117 -0.030296684689 -0.0463177779262 -0.0020316174956 0.999995802508 -0.00206579220997 -0.00208789866433 0.030292491828 0.00212639118021 0.999538815354 0.39829047662
0.999125701388 0.0018927338993 -0.041764223742 -0.0629701519061 -0.00203692919871 0.999992110289 -0.00341031953675 -0.00571297966793 0.0417574394069 0.00349240866592 0.99912167394 0.510212764104
0.99847497336 0.00178831684815 -0.055177255251 -0.0863680036242 -0.00203084073159 0.999988521705 -0.00433960194217 -0.00609559902625 0.0551688613269 0.00444504015102 0.998467144356 0.632773154778
0.997449847989 0.00194723434816 -0.0713442991783 -0.116113645806 -0.00225923857198 0.99998823385 -0.00429278494576 -0.00801531641965 0.0713351006723 0.00444302148419 0.997442511111 0.771287923325
0.99592594186 0.000464851584493 -0.0901737336687 -0.14246223355 -0.000846269000125 0.999990857039 -0.00419161879259 -0.0110112099014 0.0901709607331 0.00425085312935 0.995917229537 0.921286194397
0.993935171658 -0.000613628953526 -0.10996589472 -0.182139205916 0.000152432638413 0.999991158463 -0.00420235172598 -0.0152261855982 0.109967501137 0.00416010279266 0.99392647728 1.08165313231
0.991240481257 -0.000683120369779 -0.132067564765 -0.230338294374 8.69620747707e-05 0.999989782073 -0.00451975518681 -0.0193158872679 0.132069302846 0.0044686794371 0.99123041224 1.24742689261
0.987730767815 0.00321771722048 -0.156133201488 -0.287218400314 -0.00417404248131 0.999974482379 -0.00579758222042 -0.0261108915279 0.15611056236 0.0063781569538 0.987718994165 1.416372404
0.983407440236 0.00801136517252 -0.181233618613 -0.352440923364 -0.00949316883169 0.999928217431 -0.00731024836614 -0.0333835448297 0.18116204413 0.00890943397272 0.983412901966 1.5824593792
0.977950198 0.0103137551235 -0.20858340463 -0.416567553205 -0.0122179292689 0.999894601531 -0.0078427058043 -0.0416995604465 0.208480532512 0.0102182329786 0.977973136277 1.76612628371
0.971234872311 0.0110342816731 -0.237867751985 -0.48928530223 -0.0132436396943 0.999882712096 -0.0076920776642 -0.0507405228272 0.237754976423 0.0106210488702 0.97126709226 1.9460012238
0.96319205982 0.0126685106328 -0.268515483239 -0.573147814234 -0.0151683496994 0.999858761744 -0.00723724611014 -0.0523421745373 0.268385873451 0.0110437947377 0.963248180652 2.13056765127
0.953775971765 0.0142002565107 -0.300182858269 -0.671700202259 -0.0169217485493 0.999835895196 -0.00646816076495 -0.0503750853304 0.300041747278 0.0112487951656 0.953859745716 2.3232954065
0.942461169351 0.0160349058237 -0.333930870181 -0.77372418871 -0.0189598905453 0.999805108058 -0.00550167722819 -0.0501384421306 0.333777570869 0.0115164099022 0.942581511323 2.52173377286
0.930091259186 0.0189099267047 -0.3668414702 -0.889254276566 -0.022310624337 0.999738423434 -0.00503197299587 -0.0547295473247 0.366650358827 0.0128646563328 0.930269861379 2.70786625141
0.916296554422 0.0213116464152 -0.399933041997 -1.01177181056 -0.0252043140926 0.999672301825 -0.00447565803305 -0.0537972317962 0.399706601028 0.014181068041 0.916533431144 2.89406448784
0.900386299391 0.0220298361598 -0.434533310791 -1.13946518676 -0.0263702238981 0.999644395838 -0.00396145936014 -0.0527730208173 0.434291518637 0.0150255844302 0.900647049988 3.07917677884
0.881921428218 0.0175518584653 -0.471069556132 -1.27242438755 -0.0223628881832 0.999739257296 -0.00461721270469 -0.0531054281886 0.470865687518 0.0146064946332 0.882083983888 3.27323742026
0.860783504958 0.0122254119674 -0.508824426393 -1.41712035363 -0.0172344884825 0.999838299966 -0.00513286734843 -0.0563074649323 0.508679398048 0.013187616263 0.860855014958 3.46195223665
0.835721668641 0.0135124774994 -0.548986981189 -1.57752691247 -0.0175553374348 0.999843656601 -0.0021148242518 -0.0598807686896 0.548872574184 0.0114050561547 0.835828225177 3.64472158442
0.806618417448 0.0188795686434 -0.590770928975 -1.76002698336 -0.0221581808678 0.999753039491 0.0016955968909 -0.0659270452938 0.590657044024 0.0117227094149 0.80683755145 3.81285292853
