1 9.26390567309e-45 2.95621331929e-43 -5.77200037433e-44 -9.26390567309e-45 1 -5.87747175085e-45 -4.86737621976e-44 -2.95621331929e-43 5.87747175085e-45 1 9.2953553289e-43
0.999999157896 0.000284872273443 0.0012661184845 -0.00492638736117 -0.000278864606199 0.99998871495 -0.00474259506693 -0.00290110668994 -0.00126745523013 0.00474223799754 0.999987952295 0.964975681542
0.9999962497 -0.00202647410357 0.00184227829652 -0.00147936696573 0.00203700768959 0.999981486247 -0.00573391343492 -0.000927119394503 -0.00183062456195 0.00573764466608 0.999981863959 1.928242728
0.999991320627 -0.003639003952 0.00202887191064 -0.0113083574831 0.00364239526561 0.99999197142 -0.00167034494386 -0.00566827820456 -0.00202277722982 0.00167772039975 0.999996546807 2.86119059281
0.999979538078 -0.00621586979492 0.00151208078898 -0.0158104364826 0.00620935908677 0.999971592085 0.00427304131116 -0.00998143563145 -0.00153859850234 -0.00426356482394 0.999989727312 3.80273088322
0.999948519818 -0.0101468077358 2.44914189587e-06 -0.0131297826368 0.0101467057212 0.999939492126 0.00424928813118 -0.00734742333962 -4.55657033847e-05 -0.00424904452634 0.999990971731 4.73591449447
0.999918936258 -0.0127093138979 -0.000770877722991 -0.0229082171777 0.0127104166719 0.999918178292 0.00144292376545 -0.00969413331892 0.000752476077394 -0.00145260497372 0.999998661858 5.66223590593
0.999912493393 -0.0130722931782 -0.00202995261565 -0.0177505412775 0.0130674820815 0.999911818768 -0.00236550189082 -0.00145675676136 0.00206069614616 0.00233876852434 0.999995141835 6.6214399978
0.99991198048 -0.0127733460581 -0.00358788563557 -0.00740703713348 0.0127604907246 0.999912161023 -0.00358331045713 0.0110947202944 0.00363334134387 0.00353721187449 0.999987143399 7.57710495968
0.999907926407 -0.012625788346 -0.00497274345948 -0.00514969927638 0.0126151625049 0.999918087455 -0.00216241880497 0.0174007554859 0.00499963837156 0.00209948773647 0.999985297776 8.49645028049
0.999905025019 -0.0127516664451 -0.00522837876865 -0.033202539533 0.0127560412153 0.999918314967 0.000804242755779 0.0123494911813 0.005217696253 -0.000870859787901 0.999986008527 9.45884623332
0.999897756321 -0.0128684616344 -0.00623535072689 -0.0392985860632 0.0128801719997 0.999915351338 0.00184155594241 0.0210215769731 0.0062111249208 -0.00192168004479 0.999978864313 10.3718700651
0.999875566525 -0.0141132686674 -0.00704748987883 -0.0437198795082 0.014130404653 0.999897310109 0.00238765583474 0.0258148188929 0.00701306854459 -0.0024869426142 0.99997231561 11.2876774417
0.999870229812 -0.014248240864 -0.00751739101449 -0.0659711776258 0.0142664770738 0.999895401271 0.00237784548211 0.0241049936468 0.00748272458977 -0.00248478359522 0.999968916859 12.1990728511
0.999859668532 -0.0145841910542 -0.00824285231574 -0.0791858268534 0.0145919616954 0.999893141458 0.000883356248008 0.026481738857 0.00822908846027 -0.00100351167058 0.999965636943 13.1112745688
0.999842242053 -0.0148929350801 -0.00967943654832 -0.0958226249465 0.0148822929752 0.999888567366 -0.0011705584141 0.025550290483 0.00969579099368 0.00102632153866 0.999952468021 14.0136264528
0.999802226501 -0.0162014933408 -0.0115334079036 -0.102997723611 0.0161679392659 0.99986479987 -0.00299661826964 0.0316140822959 0.0115803982763 0.00280955417944 0.99992899787 14.9274200719
0.999789629211 -0.0157078457576 -0.01318942394 -0.117655170032 0.0156610706777 0.999870724115 -0.00364224141317 0.026944808903 0.0132449306319 0.00343491469145 0.999906382205 15.8263786816
0.999785104685 -0.0146125046686 -0.0147043924196 -0.140770135542 0.0145480871703 0.999884142234 -0.00447831097299 0.0219994840476 0.0147681281416 0.00426342782224 0.999881855808 16.7267552529
0.999777210626 -0.0131988682581 -0.0164717634147 -0.159855864902 0.0131305498544 0.999904763256 -0.0042488913719 0.0134216448584 0.016526275255 0.00403166145334 0.999855303498 17.6163682114
0.999741741012 -0.013870753922 -0.0180014850417 -0.181596713758 0.0138070814243 0.999897991861 -0.00365655226262 0.0135658395881 0.0180503678804 0.0034070599554 0.999831273847 18.5050456413
0.999725728957 -0.0132599715999 -0.0193038860053 -0.206047705706 0.0132172489082 0.999909912471 -0.00233907526235 0.00841438141302 0.0193331630374 0.00208328945551 0.999810926482 19.3913582129
0.999700788291 -0.0131139446431 -0.0206484466036 -0.229288898712 0.0130799246924 0.999912866622 -0.00178177834397 0.00372367374047 0.0206700135773 0.00151116508843 0.999785210392 20.2705060952
0.999653024437 -0.0142712247703 -0.0221396223256 -0.254196868186 0.0142278634446 0.999896542342 -0.00211483188068 0.00141368809206 0.0221675130533 0.00179909856254 0.999752651714 21.1512232748
0.999615616949 -0.0142408853803 -0.0237868773715 -0.277355758022 0.0141855480818 0.99989627094 -0.0024935088445 -0.00325282829256 0.0238199197547 0.00215512048929 0.999713942525 22.0168000507
