1 -3.86211309155e-44 8.22085532678e-44 9.0884729284e-44 3.86211309155e-44 1 1.04325123611e-43 1.76374852578e-43 -8.22085532678e-44 -1.04325123611e-43 1 -2.32394483704e-42
0.999997281244 -0.00161763492864 -0.00167951251726 0.000946974242881 0.00161653481346 0.999998478126 -0.000656171538677 -0.0167664211427 0.00168057140725 0.000653454764253 0.999998374337 0.578663204709
0.999994496013 -0.00204244108035 -0.00261464687623 -0.00785125084791 0.00203668612367 0.999995501941 -0.00220181914509 -0.0279559844333 0.00261913220126 0.0021964818113 0.99999415779 1.15336799491
0.999986836145 -0.00240784297564 -0.00453098535484 -0.0114533564849 0.00239235562311 0.999991288645 -0.00342041926251 -0.0461942452635 0.00453918171631 0.00340953450832 0.999983885322 1.71539138965
0.99996691345 -0.0047253959183 -0.00662137745855 -0.00969168712764 0.00469419847016 0.999977846243 -0.00471927146572 -0.072782657399 0.00664353119629 0.00468803326137 0.999966942372 2.29612369587
0.999942630402 -0.00683928980821 -0.00824378672116 -0.0152751448763 0.00678372934999 0.999954215624 -0.00674890160391 -0.0844575009053 0.00828956697848 0.0066925908042 0.999943244543 2.8795558364
0.99991714851 -0.00813276457169 -0.00997768789019 -0.0144291306303 0.00805680207866 0.999938433969 -0.00762995494386 -0.0911806918825 0.0100391262308 0.0075489345342 0.999921111654 3.45925876462
0.9998925639 -0.00801998545122 -0.0122694942889 0.00178211903381 0.00793306535182 0.999943208714 -0.00711658766546 -0.105163491116 0.0123258724181 0.00701848838701 0.999899401785 4.06612081902
0.999865663934 -0.00845415975219 -0.0140421248217 0.0112876179802 0.00835351155628 0.999939109421 -0.00721084567954 -0.127668885148 0.0141022314299 0.00709257595092 0.999875403455 4.66897697557
0.999858636933 -0.00776364184131 -0.0149141548911 -0.00480044832478 0.00761333589625 0.999919923942 -0.0101085518316 -0.141512174925 0.0149914398003 0.00999357638488 0.999837679408 5.26367697505
0.999851324407 -0.00596539876492 -0.0161784764429 -0.0176366438631 0.00574083616634 0.999887029078 -0.0138914319284 -0.159011906514 0.0162595166764 0.0137964886288 0.999772616658 5.88014815581
0.999844217556 -0.00474791363729 -0.0169999393098 -0.0516749082316 0.00444246670789 0.999828829006 -0.0179604336855 -0.161583718529 0.0170823040013 0.0178821141009 0.999694165675 6.50306592955
0.999836603125 -0.00282563871886 -0.0178544900886 -0.0776414092666 0.00250457276661 0.999835224019 -0.0179792081787 -0.173611549993 0.0179023508443 0.0179315525627 0.999678931086 7.13165232811
0.99982474828 -0.000392995566788 -0.01871679144 -0.109348104358 0.000180469518507 0.999935511703 -0.011355169124 -0.181757743341 0.0187200469572 0.0113498013007 0.999760342208 7.78045105192
0.999806633228 0.000901514158403 -0.0196439157399 -0.121304389627 -0.000922800446889 0.999998996869 -0.00107456955923 -0.191712272544 0.0196429272948 0.0010924891874 0.999806462209 8.45171166652
0.999789682621 0.00199960783141 -0.0204105877511 -0.143631721205 -0.00188275810931 0.999981738902 0.00574256779122 -0.208847735432 0.0204216979148 -0.00570293182981 0.999775190142 9.14011727705
0.999762568334 0.00428289102545 -0.0213650135071 -0.174479140271 -0.00418371664477 0.999980276046 0.00468444599448 -0.218787371428 0.0213846550763 -0.00459394859604 0.999760767466 9.8265860008
0.999730983844 0.00639604603571 -0.0222946302238 -0.196460258356 -0.00646064933033 0.999975134061 -0.00282688336261 -0.219897899832 0.0222759949707 0.00297016067314 0.999747447205 10.5322373159
0.999713991616 0.00632875974257 -0.0230625620429 -0.230242727602 -0.0065406920132 0.999936969096 -0.00912563335044 -0.213242487561 0.0230033544478 0.00927386845815 0.999692373207 11.257059585
0.999697588219 0.0041441958402 -0.0242395905673 -0.250785999249 -0.00432468067602 0.999963281264 -0.0073981930747 -0.218258818996 0.0242080409592 0.00750078426287 0.99967880291 12.0082569306
0.999695443872 0.00358365626853 -0.0244167342233 -0.284139989958 -0.00353785893596 0.999991901244 0.00191859343692 -0.232377826848 0.0244234120575 -0.00183162615617 0.999700026052 12.7878620122
0.999689687038 0.00310066820952 -0.0247167046172 -0.312179933354 -0.00286857860774 0.999951516988 0.00941992198338 -0.242455777729 0.0247447143295 -0.00934609704936 0.999650113581 13.5851267547
0.999685701647 0.00220341628179 -0.0249728428527 -0.346194267879 -0.00191030708112 0.999929083975 0.0117549031664 -0.249387580356 0.024996972823 -0.0117035028212 0.999619017112 14.3901717511
0.999690654135 0.000366433136302 -0.0248688914535 -0.381554117816 -9.93299124118e-05 0.999942310569 0.0107408411174 -0.252806848918 0.0248713925814 -0.0107350482578 0.999633018947 15.2161105372
0.999705542448 0.000704753275165 -0.0242555503412 -0.405803880638 -0.000508319913814 0.99996703525 0.00810370431546 -0.251213237308 0.0242604618752 -0.00808898853926 0.999672945645 16.0312721979
