1 8.2835617518e-44 9.56466692306e-44 -2.7783003773e-43 -8.2835617518e-44 1 1.70446680829e-43 9.22415140856e-44 -9.56466692306e-44 -1.70446680829e-43 1 -6.50182648433e-42
0.999025925492 -0.000877349042445 0.044118368674 0.0337257417346 0.00101328776955 0.999994807997 -0.00305895862818 -0.00947230556506 -0.0441154558369 0.00310068357795 0.999021627553 1.08268367049
0.996003992329 -0.00543008948179 0.0891434876644 0.130869661481 0.00619504947897 0.999946307873 -0.00830678835209 -0.0200827149557 -0.0890935947569 0.00882584267892 0.995984154429 2.12289993784
0.990835995117 -0.00494015123129 0.134980093667 0.257536216233 0.00668776520568 0.999899546451 -0.0124968317275 -0.0360319156684 -0.134904798199 0.0132850258744 0.990769500697 3.17842790011
0.983380335163 -0.00272206921081 0.181537067163 0.433108972994 0.0056299703299 0.999863942423 -0.0155048404235 -0.0492480442573 -0.181470162421 0.0162692034742 0.983261863986 4.28335088342
0.973678939109 -0.00485963616032 0.227872129654 0.652820045214 0.00861890506182 0.999842641153 -0.0155050768545 -0.0708039642378 -0.227760922926 0.0170609750342 0.973567606856 5.32549836077
0.961937621912 -0.00555378776256 0.273212677215 0.927154411481 0.0105124812825 0.999805463737 -0.0166889909439 -0.100788581468 -0.273066840328 0.0189259114161 0.961808874252 6.31348452306
0.948267619046 -0.00857182846677 0.317356339822 1.25688973932 0.0156831598128 0.999679754896 -0.0198601648788 -0.116136041844 -0.317084470081 0.0238099014585 0.94809837434 7.34722002547
0.932838684122 -0.0104156227398 0.360143727154 1.65078520133 0.0196535048526 0.99956481809 -0.0219980495524 -0.132715633734 -0.359757875734 0.0275987180869 0.932637433094 8.4062716835
0.915306674746 -0.0101794146528 0.402628949137 2.0594239977 0.0211336922656 0.999517248662 -0.0227735961003 -0.163164124174 -0.402202757595 0.0293538608268 0.91507993784 9.36466839323
0.895580516099 -0.0108029368349 0.444768294441 2.50548647557 0.0225957025585 0.999519431558 -0.0212212196609 -0.196744630104 -0.444325301339 0.0290551629448 0.895394228313 10.2682044074
0.873505222318 -0.0107168892919 0.48669679973 3.00625679195 0.0236064690219 0.999514003397 -0.0203590676093 -0.226444324199 -0.486242080865 0.0292729448042 0.873333689662 11.177635224
0.849350755411 -0.0110357322625 0.527713470451 3.54223283966 0.024776327748 0.999512920245 -0.0189751375872 -0.263021076635 -0.527247027365 0.0291913493446 0.849210478773 12.0589644653
0.823462964674 -0.010898714925 0.567265338112 4.12708461085 0.0262025466199 0.999479220805 -0.0188338452974 -0.294073629287 -0.566764653415 0.0303727705525 0.823319696381 12.9261673896
0.795937069768 -0.0131505143134 0.605236519835 4.72671735474 0.0301802276461 0.999382835065 -0.0179750615237 -0.335150966116 -0.604626607774 0.0325731937464 0.795842730834 13.7152745808
0.766918392947 -0.0118768900335 0.641634723221 5.38555173054 0.0309737032104 0.999348547567 -0.0185232336328 -0.356028153719 -0.640996730311 0.0340796120564 0.766786653361 14.5186798862
0.73568433359 -0.0147632926518 0.677163648242 6.04363479663 0.0355989532006 0.999223407931 -0.0168906948797 -0.38755941945 -0.676388406052 0.0365325366294 0.735638564735 15.2729514411
0.703399390631 -0.0136645574702 0.710663476709 6.79712249827 0.0357557920167 0.999229613414 -0.0161772374893 -0.420192356159 -0.709894936309 0.0367893944592 0.703346088251 16.0113036785
0.668728440345 -0.0123690109586 0.74340384761 7.56942045776 0.0370831720948 0.99917207023 -0.016733571654 -0.450445103034 -0.742581383702 0.0387579880905 0.668633462323 16.7288266017
0.632852336005 -0.013267277818 0.77415883393 8.38926695452 0.0416558295686 0.998988536489 -0.0169320945853 -0.470891228563 -0.773151157715 0.042963744057 0.632764888423 17.4025629467
0.595431895185 -0.010472742432 0.803337525491 9.21027288961 0.040653473725 0.99902682523 -0.0171084056782 -0.498240915219 -0.802376565753 0.0428453514014 0.595278189247 18.0342177245
0.556919361654 -0.00898502169491 0.830517967295 10.0706091283 0.043604488669 0.998878801369 -0.018433359538 -0.522190020068 -0.829421167551 0.0464802061214 0.556686731705 18.6349279743
0.516795030925 -0.00699062188508 0.856080619578 10.9612657386 0.0484039592774 0.998605671637 -0.0210658325356 -0.538284664987 -0.854739698819 0.0523244090249 0.516412822733 19.2584737592
0.476966500806 -0.00520110095163 0.878906084663 11.9041723639 0.0497609626015 0.998538348625 -0.0210953294977 -0.551285692113 -0.877511711437 0.0537969783031 0.476528153854 19.8098882691
0.437412101132 -0.00518793588462 0.899246206055 12.9561412328 0.0538964240485 0.998336965925 -0.0204567334199 -0.549832693176 -0.897644600751 0.0574141775931 0.436964281096 20.3725355785
