1 1.69895667851e-45 -5.05613238364e-43 -3.12226216e-44 -1.69895667851e-45 1 6.61215572239e-45 -5.0170372175e-44 5.05613238364e-43 -6.61215572239e-45 1 -6.96912552897e-43
0.999880266741 0.00180149170596 0.0153690211056 0.0308294883952 -0.00178698075942 0.99999794461 -0.000957849215242 -0.0015463737452 -0.0153707150737 0.000930270383827 0.999881430828 0.130825645867
0.999292515933 0.00464344725941 0.0373216558829 0.0389417781294 -0.00463377175156 0.999989204252 -0.000345742913671 -0.00713689837526 -0.0373228584067 0.000172558271317 0.999303244498 0.284484533714
0.997877200926 0.0064739030146 0.064801083719 0.0687612391169 -0.00655453383391 0.999977986533 0.00103176320775 -0.0116904965146 -0.0647929776875 -0.00145431387747 0.997897667606 0.455917694108
0.995051809228 0.00603910916797 0.0991737168394 0.112767770291 -0.00641085849375 0.999973566922 0.00343021133037 -0.0168740352733 -0.0991503799521 -0.00404902665527 0.995064222821 0.64333253918
0.990479449312 0.00294139357261 0.1376292436 0.179172715995 -0.00373819937331 0.999977714522 0.00553139445176 -0.0198874623841 -0.137609906458 -0.00599321808268 0.99046837152 0.84113465525
0.984013259282 0.000343794297435 0.178094883031 0.242347321254 -0.00140790412475 0.999981905596 0.00584861413276 -0.021969872154 -0.17808964979 -0.00600585437548 0.983995938178 1.05598719025
0.975000709014 0.000600654211135 0.222200937524 0.313960457349 -0.00214107417221 0.999975317948 0.00669173346779 -0.0138855997625 -0.222191433731 -0.007000193564 0.974977930041 1.25484214323
0.962746916955 0.00048631113217 0.270403656401 0.418753930072 -0.00318224257363 0.9999495087 0.00953170413217 -0.0195317578659 -0.270385367995 -0.010037108794 0.962699854171 1.48545259897
0.948076755663 -0.00324469840056 0.318025057666 0.543730753411 -0.00227298069145 0.999853292956 0.0169772236808 -0.0342549384159 -0.31803348712 -0.0168185759629 0.947930290988 1.70700511188
0.930555555527 -0.0137218562367 0.365893521041 0.646574931008 0.00452545180779 0.999652220458 0.0259799618966 -0.0791786948368 -0.366122764062 -0.022519964379 0.93029402494 1.92313988417
0.908477750756 -0.0183383398651 0.417530695485 0.775297339269 0.00632598964748 0.999525795174 0.030135803249 -0.0759283246913 -0.417885341017 -0.0247364118958 0.90816295437 2.15234787848
0.881825124943 -0.0194394732994 0.471175716583 0.86579485616 0.00395679619537 0.999419832434 0.0338281288427 -0.0632009819207 -0.471559956722 -0.0279661476605 0.881390436641 2.37690414136
0.852844829379 -0.0206741964223 0.521754994806 1.0523374296 0.00115036418185 0.99928784512 0.0377157693629 -0.0436818422062 -0.522163167664 -0.0315654906294 0.852261254626 2.61454226014
0.819858506787 -0.0256245095117 0.571992494148 1.24471005524 0.00214120234412 0.999128276157 0.0416905629063 -0.0384164021264 -0.572562174879 -0.0329556109822 0.819198683838 2.82781861977
0.78322894675 -0.0304552511264 0.620987032596 1.47371599483 0.00353361648658 0.999001463803 0.0445374996338 -0.0284063050084 -0.621723355302 -0.0326887289127 0.782554481474 3.04118464763
0.744702974358 -0.0345829700545 0.666499435982 1.71785553879 0.00439079789095 0.99888882048 0.0469238235305 -0.0235056389604 -0.667381600642 -0.0320178466336 0.744027322496 3.24353469523
0.704204055879 -0.0371432366583 0.709025406917 1.99516966291 0.00491656305444 0.998861819757 0.0474435711162 -0.00710817683488 -0.709980615996 -0.0299239870851 0.703585161801 3.45392089213
0.661400501959 -0.038516430571 0.749043296869 2.29370066238 0.00370155127777 0.998836025906 0.0480925344651 0.010923254816 -0.75002378264 -0.0290358042631 0.660773219452 3.67295648004
0.618214378043 -0.0381185351608 0.785084683368 2.62105411125 -0.00125668091397 0.998774152661 0.0494834591587 0.0319753578744 -0.786008526375 -0.0315779868646 0.617408638756 3.88846274459
0.575484135311 -0.0386828319433 0.816897575292 2.96329768291 -0.0040581407388 0.998733340784 0.0501522232785 0.0515808018815 -0.817802874474 -0.0321768941771 0.574598212652 4.10340586263
0.535067298818 -0.0395087972157 0.843885087366 3.35414276253 -0.00596704965385 0.998704186519 0.050540500078 0.073493179025 -0.844788364062 -0.0320780730761 0.534138200444 4.30565749594
0.496148889293 -0.0416203118055 0.867239314894 3.76337951319 -0.00722413707412 0.998617915612 0.0520583371076 0.0910776652939 -0.868207401199 -0.0320937418213 0.495162498822 4.50574079624
0.458939919545 -0.0413586354272 0.887504148454 4.20684369375 -0.010000541145 0.998612183411 0.051707797485 0.11031609408 -0.888411019419 -0.0326062941706 0.457889386376 4.68997484369
0.422618002731 -0.0407705701736 0.905390404398 4.66780828404 -0.0105660287143 0.998698111874 0.0499043122005 0.127856398804 -0.906246314643 -0.0306568417604 0.421637018357 4.86652556484
