1 4.46636195755e-44 -3.08814074901e-43 -1.24926348592e-43 -4.46636195755e-44 1 5.49543608844e-43 2.54254315809e-43 3.08814074901e-43 -5.49543608844e-43 1 7.43657300809e-42
0.999996344769 -0.00232702194545 -0.00137674140944 -0.0045241686243 0.00233149928931 0.999991969807 0.00325951416945 -0.0275869522338 0.00136914539293 -0.00326271212679 0.999993740056 1.5440596877
0.999993753697 -0.00267947098083 -0.00230499499663 -0.0251781433639 0.00268856482262 0.999988579492 0.00395126633029 -0.0433960769681 0.00229438136894 -0.00395743877795 0.999989537191 3.04762002087
0.999992902017 -0.00150206495939 -0.0034553895281 -0.0490278561358 0.00151535494128 0.999991453021 0.00384676284235 -0.0656391406901 0.00344958190728 -0.00385197167968 0.99998663126 4.54808374167
0.999990206154 -0.000553436573031 -0.00439104812293 -0.0824557890889 0.000571996353959 0.999990904286 0.00422660200123 -0.0982557701804 0.00438866902709 -0.00422907227006 0.999981427093 6.01620274287
0.999985060287 -0.000821763711277 -0.00540406386149 -0.101609768213 0.000845306569931 0.999990156749 0.00435567000073 -0.109685428273 0.0054004313364 -0.00436017301896 0.999975911826 7.51027273119
0.999978753127 -0.00156173493636 -0.00632884502475 -0.152560358686 0.00158860083398 0.99998974003 0.00424219080606 -0.104987356083 0.0063221549134 -0.00425215468125 0.999970974348 9.02002622195
0.999962712552 -0.0038677591122 -0.00772100670915 -0.175642552459 0.00389244753907 0.999987351903 0.00318510372465 -0.109899848129 0.00770858983916 -0.00321503857383 0.999965119977 10.5222239113
0.999949694282 -0.00500390796993 -0.00869308977903 -0.203954292405 0.0050344868854 0.999981204254 0.00349929713757 -0.12799203361 0.00867541622508 -0.0035428863494 0.999956091591 11.9995885808
0.99994077821 -0.00453669777135 -0.00989234278462 -0.226975443933 0.00456949879294 0.999984128823 0.00329572186639 -0.14117425232 0.00987723408745 -0.00334072973626 0.999945638408 13.4808246523
0.999929903815 -0.00401754487219 -0.0111376294387 -0.248843620436 0.00405279710973 0.999986843749 0.00314438615004 -0.153785541786 0.0111248501968 -0.00318930429296 0.999933030781 14.9484675576
0.999930773509 -0.00228336151996 -0.0115427228386 -0.271563110025 0.00232395558419 0.999991158239 0.00350466475208 -0.167423268139 0.011534618364 -0.00353124691163 0.99992723879 16.4244384186
0.999923057001 -0.00120598065091 -0.012346079852 -0.290229969795 0.00126109396925 0.999989271347 0.00445722247067 -0.193748406135 0.0123405720712 -0.00447244908545 0.999913850029 17.9064913269
0.999909727955 -0.00104780579853 -0.0133954486421 -0.288737150522 0.00111784074198 0.999985741275 0.00522184630984 -0.202396626945 0.0133897861592 -0.00523634890135 0.999896641797 19.3937514901
0.999905421428 -0.00150374600929 -0.0136706600744 -0.316167757907 0.00157745479682 0.999984269679 0.00538256734644 -0.222549448742 0.0136623510164 -0.00540362311922 0.999892064686 20.818686643
0.999906109197 -9.68131563649e-05 -0.0137026792316 -0.356599454698 0.000174905967696 0.99998375093 0.00569800701553 -0.242907394484 0.0137019049338 -0.00569986870545 0.999889878586 22.2418604082
0.999900340118 0.000737867277206 -0.0140984177973 -0.37592721258 -0.000652836172958 0.999981576711 0.00603490215043 -0.249143819328 0.0141026110149 -0.00602509675567 0.999882400371 23.6911583235
0.999895349416 0.00198385574312 -0.0143301965258 -0.389421759413 -0.00188559935555 0.999974645071 0.00686685740425 -0.25217888622 0.0143434560392 -0.00683911777428 0.999873737897 25.1501737474
0.999889585755 0.00228430760028 -0.0146832638843 -0.407560438804 -0.00220312318074 0.999982211406 0.00554284399857 -0.265271848026 0.0146956642503 -0.0055098829506 0.999876831736 26.5787542104
0.999888975591 0.00291871359122 -0.0146122415371 -0.43741381528 -0.00286906702512 0.999990044826 0.00341741177355 -0.279040651753 0.0146220705159 -0.00337510885707 0.999887395507 28.0229315881
0.999895136575 0.00128695810313 -0.0144242709513 -0.460381116205 -0.00123688916648 0.999993181421 0.00347954264238 -0.302255025657 0.0144286506239 -0.00346133654115 0.999889910535 29.4168685128
0.999897801757 0.000912624195313 -0.0142672056765 -0.474586318129 -0.000826938707316 0.999981594793 0.00601051141951 -0.307871995015 0.0142724284237 -0.00599809905119 0.999880153116 30.8631689212
0.99989151038 -0.000975274004402 -0.0146974933391 -0.480464826874 0.00108037092536 0.999973894638 0.00714442724228 -0.321893077406 0.0146901418816 -0.00715953089057 0.999866461508 32.2943084031
0.999896294036 -0.00155486114397 -0.0143172476607 -0.510219960309 0.00164973242302 0.999976746984 0.00661693849361 -0.336847075382 0.014306626321 -0.00663987190529 0.999875608536 33.6833303764
0.999903501874 -0.00153452486018 -0.0138069610367 -0.53761641425 0.00159618446879 0.999988798406 0.00445592399129 -0.344161775012 0.0137999686506 -0.00447753245974 0.999894750745 35.0737527734
