1 -9.95841161253e-45 7.02814182077e-44 -8.29693959735e-44 9.95841161253e-45 1 2.0571151134e-44 8.60175111999e-44 -7.02814182077e-44 -2.0571151134e-44 1 -2.32349749349e-42
0.999937546843 -0.00315426543437 0.0107216147645 0.0282515418132 0.00315013047805 0.999994957311 0.000402531337661 0.00166329265593 -0.0107228303894 -0.000368731712864 0.999942440816 0.288875199166
0.999842840449 -0.00512365595549 0.0169718164331 0.0519740660178 0.0051158434687 0.999986787126 0.000503705202115 -0.00500532909377 -0.0169741729988 -0.00041680088378 0.999855841473 0.59291363161
0.999797840892 -0.00813211252424 0.0183887491236 0.0695678273278 0.0081554148642 0.999966032916 -0.00119257011772 -0.00595917505862 -0.018378426397 0.00134229690675 0.999830201425 0.892511466609
0.999833351572 -0.00940384172971 0.015647263159 0.0835265279601 0.00944390845401 0.999952308337 -0.00248870337635 -0.0138005092744 -0.0156231135423 0.00263605995868 0.999874476878 1.1989546778
0.999891072726 -0.0122472613194 0.0082369455787 0.0954502454473 0.0122824071538 0.999915621706 -0.00422988691252 -0.0160049068205 -0.00818444602892 0.00433059568177 0.999957129473 1.51521316955
0.99988602893 -0.0142465607023 -0.00499646470844 0.102577700826 0.0142132833311 0.999876981223 -0.00663362631952 -0.016156798921 0.00509035640949 0.00656185410948 0.999965514577 1.83162892599
0.999664896309 -0.0133894968165 -0.0221543779541 0.0984526843344 0.013237656148 0.999887971911 -0.00698627858024 -0.0213091824577 0.0222454387963 0.00669066541497 0.999730151315 2.18263954574
0.999064790183 -0.00893193071096 -0.0423056217403 0.0753662681498 0.00864770596326 0.999938825042 -0.00689661904817 -0.0294315351986 0.0423646338192 0.00652432268493 0.999080913147 2.52317567748
0.99804332821 -0.00522929350322 -0.0623070582313 0.0361404181519 0.00473506941991 0.999956168889 -0.00807709220452 -0.0359517986047 0.0623465647295 0.00776625973998 0.99802434393 2.87924921885
0.996557490758 -0.0048823953124 -0.0827606780416 -0.00722146817516 0.0042006034384 0.999955810464 -0.00841023485843 -0.0422724150035 0.0827980829769 0.00803363775846 0.996533962351 3.24790783396
0.994546563236 -0.00638952281646 -0.104097586683 -0.0544594730705 0.00559390848768 0.999952885736 -0.00793312644072 -0.0462712076866 0.104143371094 0.00730755126365 0.994535448313 3.62508805138
0.992289823751 -0.00765843936328 -0.123702279637 -0.120257879918 0.00679761395361 0.999949667056 -0.00737941727674 -0.0483442298009 0.123752568157 0.00648164032676 0.992291937997 4.01091112226
0.989897240051 -0.00652296331373 -0.141636524556 -0.192781826678 0.00560344399221 0.999960564042 -0.00688997654242 -0.0546104853066 0.141675882049 0.00602671643076 0.989894753565 4.41010462088
0.987498574782 -0.00538301996652 -0.15753598922 -0.270627173937 0.00450131750803 0.999972149061 -0.00595308681646 -0.0655786690689 0.15756364728 0.00516954524039 0.987495302702 4.82457985418
0.985272724022 -0.0047422678743 -0.170924457562 -0.358810151311 0.00370352892319 0.999972690168 -0.0063955290466 -0.0712523684638 0.170950118956 0.00566831665305 0.985263379516 5.2430815294
0.983086258484 -0.00632017674959 -0.183034050784 -0.449399292269 0.0050805232577 0.999960877837 -0.00724093076878 -0.0798391789662 0.183072654058 0.00618855078546 0.983079907828 5.679452741
0.981153516488 -0.00972321504031 -0.192985067228 -0.534653980977 0.0079589012938 0.99991916705 -0.00991540495775 -0.0874095786044 0.19306587729 0.00819258534045 0.981151593064 6.13394371976
0.979688772322 -0.00755678225863 -0.200381646935 -0.635026930003 0.00522087352396 0.999912152349 -0.0121831878182 -0.103228178709 0.200456109575 0.0108895650814 0.979642161968 6.58067204197
0.978123929299 -0.00764154391424 -0.207882624911 -0.741971115533 0.00492052238021 0.999895365575 -0.0136031746865 -0.112849175504 0.207964822489 0.0122826995669 0.978059184251 7.05188741937
0.976407313335 -0.0081339639189 -0.215783681259 -0.877985442974 0.00458929378461 0.999846264493 -0.0169229359893 -0.120392540528 0.215888158196 0.0155333837559 0.976294534011 7.55682421347
0.974657881546 -0.0110621800697 -0.223427039795 -1.01188239533 0.0069654123258 0.999793012358 -0.0191158434425 -0.13676605919 0.223592256062 0.0170751460168 0.974533192055 8.06968154153
0.972778838453 -0.0172228714977 -0.231094578379 -1.13756806298 0.0128441520038 0.999708595828 -0.0204389624673 -0.157218560874 0.231379254079 0.0169143762761 0.97271657982 8.59059260406
0.970672215734 -0.0172375496352 -0.239788065767 -1.27893018161 0.0120423578598 0.999660299745 -0.0231142105884 -0.179545026734 0.240105042052 0.0195487083083 0.970550058876 9.13955694363
0.968699003877 -0.0117977849539 -0.247957762851 -1.44400880565 0.00505592817086 0.999600475313 -0.0278087638212 -0.202740924799 0.248186779418 0.0256846651743 0.968371633464 9.67466520255
