1 4.07932556388e-44 9.8921178634e-44 1.15704568334e-43 -4.07932556388e-44 1 4.84891419608e-44 6.9279197279e-44 -9.8921178634e-44 -4.84891419608e-44 1 -1.85954652351e-42
0.999994747333 0.00321975377929 0.000372144734782 -0.00702884555543 -0.00322039140067 0.999993325564 0.00172566133218 -0.0252060538455 -0.00036658604633 -0.00172685071956 0.999998441799 0.774117603841
0.999980368241 0.00616777701789 0.00110528710295 -0.0318454808753 -0.00616964952898 0.999979524517 0.00169881493321 -0.0327979944096 -0.00109478655996 -0.00170560081654 0.999997946182 1.5406603678
0.99997130873 0.00703883188441 0.00279938616524 -0.0792146534758 -0.00704354334521 0.999973788158 0.00167675092403 -0.0547582873412 -0.0027875104203 -0.00169642041371 0.999994675958 2.24897517855
0.999959992873 0.00817610242739 0.00362822307497 -0.110347374327 -0.00818049042974 0.999965823733 0.00119622002218 -0.0557034295474 -0.00361831865842 -0.00122585280899 0.999992702501 2.95199781335
0.999958215084 0.00807884875786 0.0042778836508 -0.130082842884 -0.00808245982108 0.999966993991 0.00082750938555 -0.0658447052571 -0.00427105713176 -0.000862050630867 0.999990507425 3.6928720093
0.99995190739 0.00850686521712 0.00488017936193 -0.1421392945 -0.0085154959428 0.999962210357 0.00175048169818 -0.0830606263131 -0.00486510382982 -0.0017919546605 0.999986559741 4.40763022212
0.999945556129 0.00913086267125 0.00505095294344 -0.13139506288 -0.00915346111899 0.999948118767 0.00446921967851 -0.095790038609 -0.00500988306264 -0.00451521005827 0.999977256716 5.09604043387
0.999937711871 0.00882197985275 0.00683703508604 -0.139717708778 -0.00887942000007 0.999925152147 0.00841700684378 -0.106156638704 -0.00676226868385 -0.00847719147026 0.999941202745 5.76319389333
0.999930795965 0.00843952231629 0.00819620303722 -0.135165614086 -0.00853348859579 0.999897481133 0.0114981214473 -0.107911539655 -0.00809832411922 -0.011567267936 0.99990030276 6.4101619462
0.999928801454 0.00763592906674 0.00916976606535 -0.126108342209 -0.00776117308358 0.999876010868 0.013701353331 -0.115726645405 -0.00906400655186 -0.0137715459562 0.999864084917 7.03015928277
0.999908897346 0.00858500813251 0.0104160761952 -0.120343616949 -0.00872292257914 0.999873925391 0.0132681553196 -0.121304750948 -0.0103008557711 -0.0133578051817 0.999857720584 7.61872061151
0.999891397614 0.00931779282997 0.0114180433814 -0.114791875807 -0.0094376263206 0.999900476791 0.0104865496253 -0.125992147005 -0.0113191955241 -0.0105931699877 0.99987982306 8.18275657264
0.999874563626 0.00953001494951 0.0126505268022 -0.120136328354 -0.00962474591935 0.999925938114 0.00744866114776 -0.127740347104 -0.0125786040282 -0.00756948492093 0.999892235003 8.71114368795
0.99986524248 0.0077218159693 0.0144869057297 -0.11450624292 -0.00780880631622 0.999951762234 0.00595783090719 -0.133502128469 -0.0144402016399 -0.00607015348564 0.99987730938 9.21219787383
0.999856850341 0.00422918323022 0.0163826992887 -0.102270905457 -0.00428249932206 0.999985643541 0.00322070061156 -0.133020740727 -0.0163688431581 -0.00329039846796 0.999860607411 9.68201878758
0.999826725329 0.0024534259276 0.0184526426309 -0.0950147042839 -0.00249273411981 0.999994672301 0.00210752120515 -0.144112156665 -0.0184473736736 -0.00215315355699 0.999827514291 10.1260486836
0.999755161577 0.00641683549287 0.0211764284583 -0.12381388375 -0.00642264384299 0.999979353334 0.000206282489995 -0.157213913437 -0.0211746675548 -0.00034224064197 0.999775733015 10.5666068094
0.999629848181 0.011389021463 0.024707424312 -0.133371451577 -0.0113710888967 0.999934971923 -0.000866176461811 -0.162744395457 -0.024715682538 0.000584905526757 0.99969434975 10.9395736782
0.999530838387 0.0122031767708 0.0280924471933 -0.110744113681 -0.0122036811643 0.999925520528 -0.000153501012571 -0.163613414845 -0.0280922280826 -0.000189402272884 0.999605317537 11.3107014993
0.999476755471 0.00789148008235 0.0313678149697 -0.0953241805906 -0.00790681247913 0.999968674135 0.000364781794928 -0.174100562509 -0.0313639536775 -0.000612610355695 0.99950784245 11.6344514846
0.999419918141 0.00331083918425 0.0338949194996 -0.0753964081027 -0.00331540394799 0.999994500954 7.84708903087e-05 -0.174755940006 -0.0338944733054 -0.000190800720695 0.999425399054 11.9317568554
0.999347243378 -0.000552140283277 0.0361217703478 -0.052248414558 0.000498820181904 0.999998772803 0.00148511635638 -0.185336314992 -0.0361225460119 -0.00146612866879 0.999346292401 12.2036217258
0.999233202632 -0.000405578483124 0.0391515295339 -0.0579509835591 0.000316769113714 0.999997363089 0.00227452665884 -0.188193163474 -0.0391523487939 -0.00226038056247 0.999230696218 12.4463604811
0.999139445503 0.00062615723096 0.0414725977749 -0.0675741028725 -0.000684614311747 0.999998792153 0.00139534758537 -0.203390674473 -0.0414716739754 -0.00142253954672 0.999138667373 12.6833863714
