1 1.2668556426e-24 1.04166970096e-22 3.80464287525e-25 -1.2668556426e-24 1 1.19554398364e-23 4.52352496145e-26 -1.04166970096e-22 -1.19554398364e-23 1 2.5595318441e-25
0.999991566206 -0.00215472373354 -0.00349638121451 -0.00258306130651 0.0021462116479 0.999994728681 -0.00243647004878 -0.000241848040258 0.00350161270381 0.00242894552601 0.999990919425 0.681122146922
0.999970839224 -0.00129587377094 -0.00752604892181 -0.0184525885166 0.00127004701399 0.99999329243 -0.00343541486551 -0.015574615901 0.00753045030432 0.00342575625019 0.999965777671 1.373811188
0.999935402683 -0.00117459847554 -0.0113053429239 -0.0369564783051 0.00111866266312 0.999987109174 -0.00495278505564 -0.018432163155 0.0113110147225 0.004939818254 0.99992382667 2.08248653714
0.999860058006 0.000225899695199 -0.0167276230898 -0.0431789668969 -0.000324528903988 0.999982579291 -0.00589370817182 -0.0184404795256 0.0167260002959 0.00589831199173 0.999842713045 2.81448829288
0.999778198412 -0.000768923471909 -0.0210466799505 -0.0681751471331 0.000640076330284 0.999981018645 -0.00612802193343 -0.0271826154434 0.0210509924359 0.00611319124677 0.999759713436 3.55911758241
0.999663753377 0.000681125129196 -0.0259213474459 -0.0883021010452 -0.000859948337694 0.99997590656 -0.00688816292414 -0.0471400138277 0.0259160312106 0.00690813782227 0.99964025377 4.32104892541
0.999510721166 0.00323926076916 -0.0311098933487 -0.11300418007 -0.00348059452898 0.999964247467 -0.00770644205283 -0.051588860828 0.0310838179158 0.00781095237843 0.999486260679 5.09335187361
0.99935609936 0.00319460877807 -0.0357376712509 -0.145356208405 -0.0034133455842 0.999975804649 -0.00606128597143 -0.0604176816923 0.0357174431281 0.00617936812787 0.999342823893 5.89383363483
0.999188502673 0.00212367857912 -0.0402222092306 -0.182584116062 -0.00226525253607 0.999991398038 -0.00347454754605 -0.064052010336 0.0402144844185 0.00356284142147 0.99918471836 6.68881959325
0.999054534355 0.00158801485873 -0.0434455474447 -0.23490150784 -0.0016364290079 0.99999807912 -0.00107882199458 -0.0674073332038 0.0434437508057 0.00114889755955 0.999055213965 7.50727698578
0.998929417531 0.00361577520246 -0.0461188135319 -0.285990608267 -0.00369433243967 0.999991866562 -0.0016182454108 -0.0850392680093 0.0461125872158 0.00178689117454 0.998934650676 8.33573679819
0.998844578898 0.00292474265177 -0.0479682508238 -0.348350727554 -0.00301009422825 0.999994012391 -0.00170719509046 -0.0936503770513 0.0479629705024 0.00184961151617 0.998847401958 9.16836582013
0.998741877813 -2.17228755188e-05 -0.0501463959923 -0.384340671149 -8.55541923928e-05 0.999997712675 -0.00213713026581 -0.105263602225 0.0501463277158 0.00213873172922 0.998739591507 10.0099662904
0.998640681479 -0.000149812118967 -0.0521226136232 -0.432489279034 8.50571303818e-05 0.999999221899 -0.00124457480621 -0.115830507995 0.0521227595189 0.00123844963268 0.998639917179 10.8449185029
0.998568026792 -0.00130380431707 -0.0534807999487 -0.489253669618 0.00123054833863 0.999998259135 -0.0014026682664 -0.13230757519 0.0534825356508 0.00133484897349 0.998567892814 11.706070222
0.998459317525 0.00104396636522 -0.0554788372346 -0.545812097997 -0.00124812278104 0.999992576685 -0.00364537569097 -0.142663287304 0.0554746197482 0.00370900372515 0.998453208646 12.5750813554
0.998398660544 0.00185159622004 -0.0565392449072 -0.605637795135 -0.00221208048115 0.999977620403 -0.00631390475629 -0.15568464779 0.0565262887795 0.00642886341157 0.998380412664 13.4362801844
0.99827621781 0.00601518382714 -0.0583815939997 -0.663263276324 -0.00647139610783 0.999949963043 -0.00762839714226 -0.173926556187 0.0583327865513 0.00799305786731 0.998265193743 14.3139189418
0.99819153196 0.00698539020067 -0.0597065310337 -0.713764608806 -0.00744242298153 0.999944658806 -0.0074357020732 -0.184929929385 0.0596512855226 0.00786661610235 0.998188279077 15.1967897161
0.99810547632 0.0057091011033 -0.0612606260603 -0.775770453413 -0.00609134860526 0.999963117048 -0.00605475147967 -0.1952954143 0.0612237993992 0.00641644043872 0.998103439368 16.0994225115
0.998023110095 0.00546302220209 -0.0626101198301 -0.850510392456 -0.00576963164914 0.99997222849 -0.00471737217034 -0.199224552026 0.0625826099436 0.00506928377384 0.998026913111 17.0231796262
0.99795722434 0.00497698560183 -0.0636915065106 -0.915391434119 -0.00528556498947 0.999975092388 -0.00467732897635 -0.211575476853 0.0636666411083 0.0050044198395 0.99795867379 17.9403765011
0.997842288184 0.00407269999536 -0.0655300009666 -0.975864982256 -0.00443402384213 0.99997575432 -0.00536937648905 -0.223227893204 0.0655065442875 0.00564835250861 0.997836153268 18.846683931
0.997766656895 0.00285028971486 -0.0667351049849 -1.02632951791 -0.00327386571679 0.999975180393 -0.00623862178192 -0.235334879064 0.0667156667663 0.0064431705713 0.997751224184 19.7424615034
0.997749005635 0.00395854493798 -0.0669421517202 -1.11992953459 -0.00431970514907 0.999976882141 -0.00525122188626 -0.237704853506 0.0669198169632 0.00552857177285 0.997743039561 20.7019376512
0.997754994442 0.00442186131672 -0.0668237847502 -1.20193083027 -0.00454914111483 0.999988116675 -0.00175266183844 -0.24767544975 0.0668152406339 0.00205271792953 0.997763253467 21.6504741526
0.997793533152 0.00499654024453 -0.0662049830863 -1.26987213795 -0.00488645822555 0.999986396636 0.00182457349382 -0.254224444073 0.0662131990307 -0.00149703974872 0.997804375189 22.5963158974
0.997910235991 0.00413038882359 -0.0644833373238 -1.34995596817 -0.00384221469074 0.999982073739 0.00459234004758 -0.265665682419 0.0645011495286 -0.00433498431466 0.997908217032 23.5487695113
0.998025790931 0.00477441933962 -0.0626236820685 -1.43610831154 -0.004472546015 0.999977698454 0.00495973054167 -0.268218820538 0.0626459652969 -0.00466985169697 0.998024887223 24.5161139946
0.998140461495 0.00655145146778 -0.0606027854939 -1.51719886531 -0.00643910277911 0.999977169592 0.00204896317713 -0.289077724939 0.0606148255904 -0.00165492548671 0.998159859011 25.4734306246
0.998197160863 0.00686383697722 -0.0596264688387 -1.59455545257 -0.00706465833221 0.999970058899 -0.00315783287133 -0.286590942612 0.0596030087065 0.00357338043654 0.998215764404 26.445410312
0.998282763444 0.00620983160854 -0.0582491390703 -1.65876470137 -0.00657620311627 0.999959770058 -0.00610014908692 -0.298635931405 0.0582089148122 0.00647273185778 0.9982834397 27.3910298649
0.998353560968 0.00348327000822 -0.0572541189203 -1.73066791912 -0.00378400187222 0.999979604914 -0.0051450058574 -0.310382704974 0.057235029773 0.00535318461212 0.998346380161 28.3684621795
0.998357176303 0.00315482879773 -0.0572101003359 -1.78484488311 -0.00319022737548 0.999994772122 -0.00052742591783 -0.33008332961 0.05720813731 0.000709072678279 0.998362021634 29.3281097687
0.998312114169 -0.00112289644595 -0.0580660124903 -1.85254476057 0.00128113285902 0.999995566781 0.0026879576954 -0.333564083072 0.0580627367728 -0.00275781100628 0.998309127013 30.333611609
0.9982188642 -0.00866905031155 -0.0590249669426 -1.92120651143 0.00879306521246 0.999959644358 0.00184164614391 -0.338528092104 0.0590066196291 -0.00235737630552 0.998254807961 31.3353411249
0.998147833376 -0.0102500312879 -0.0599653198531 -2.00586116041 0.0101425419519 0.999946365049 -0.00209663275446 -0.356394673134 0.0599835941674 0.00148454866898 0.998198259138 32.3341128974
0.998053838299 -0.00947715969836 -0.0616337513058 -2.06901681434 0.00910410851095 0.99993851665 -0.00633072884448 -0.368529184826 0.0616899591846 0.00575728786264 0.998078755696 33.337202098
0.997947283849 -0.00788137429103 -0.0635539345603 -2.14428655839 0.00743971031491 0.999946525477 -0.00718309794776 -0.38490166275 0.0636071487274 0.00669553022408 0.997952554236 34.3244213034
0.997920416333 -0.00769036557475 -0.0639976635783 -2.2386924219 0.00732478659557 0.999955500954 -0.00594504940569 -0.400543469418 0.0640405353466 0.00546391694972 0.997932340113 35.3514508127
0.997865540495 -0.00379214371005 -0.0651918916686 -2.31128147501 0.00357432994632 0.999987635109 -0.00345742593219 -0.41662430859 0.065204196634 0.0032170288659 0.997866756369 36.3415098916
0.997815009902 -0.00252334452784 -0.0660215021539 -2.40338406302 0.00238168627112 0.999994690111 -0.00222425746418 -0.448153978592 0.0660267641549 0.00206215497837 0.99781572143 37.3571739432
0.997737090847 -0.00125531823756 -0.0672244131558 -2.46335393082 0.00127887892089 0.999999134973 0.000307444593792 -0.461549789449 0.067223969064 -0.000392720759561 0.997737833177 38.333784087
0.997741484162 -0.00126749525559 -0.0671589475651 -2.53459064687 0.00150028481569 0.999993040275 0.00341592554395 -0.479177159605 0.0671541504879 -0.00350896817128 0.997736441759 39.3366744871
0.997687170181 0.0039996476426 -0.0678550902716 -2.60952559877 -0.0036043903992 0.99997582376 0.00594644980858 -0.487237581525 0.0678772334946 -0.00568812044623 0.997677466148 40.3135578623
0.997675945626 0.0035956624552 -0.0680424773938 -2.68341189513 -0.0032483431975 0.999981128969 0.00521440052802 -0.490285322435 0.0680599425863 -0.00498125665909 0.997668798398 41.3104085465
0.997719658694 0.00519673204398 -0.0672939568768 -2.7769660129 -0.00498899594207 0.999982258321 0.00325468328571 -0.506015347264 0.0673096766859 -0.00291153221919 0.997727883947 42.321227458
0.997709188851 0.00841200759853 -0.0671238602172 -2.86373882345 -0.00835531370438 0.99996446057 0.00112531343899 -0.526067614807 0.0671309408187 -0.000561894649252 0.997744015797 43.3299935324
0.997642699211 0.0077171255465 -0.0681871738946 -2.93461595477 -0.0076639943752 0.999970089554 0.00104076301398 -0.53304668635 0.0681931660846 -0.000515723505316 0.99767200328 44.3340735378
0.997575151165 0.00661549608254 -0.0692824147184 -3.0127939344 -0.00648661489624 0.999976787946 0.00208504117821 -0.54981451838 0.069294600113 -0.00163057692518 0.997594907572 45.3347781349
0.997514948902 0.00744663154197 -0.0700605052497 -3.08896082692 -0.00724049236644 0.999968680595 0.0031957940378 -0.570059088496 0.070082108897 -0.00268057977287 0.997537624606 46.3263480866
0.997497345736 0.0105409310225 -0.0699137613239 -3.1766676495 -0.0105976609475 0.999943746166 -0.000440551485891 -0.589113759036 0.069905184584 0.00118037127591 0.997552941899 47.2999102326
0.997427141936 0.0119382683783 -0.0706864504533 -3.25552228139 -0.0123061463923 0.999912893631 -0.00477115406151 -0.607328404673 0.0706233338956 0.00562875636653 0.997487173758 48.2624454503
0.99736026603 0.0129528912458 -0.0714473397187 -3.32779720138 -0.013443839971 0.999889178299 -0.00639486406933 -0.618012395837 0.0713565898242 0.00733850993094 0.997423873466 49.2270310791
0.997360455384 0.0122284422276 -0.071572251863 -3.39292452604 -0.0124621494594 0.999918368778 -0.00281968290373 -0.640339060336 0.0715319290031 0.00370418432477 0.997431432306 50.200115976
0.997347356271 0.0110163509952 -0.0719506146569 -3.45299700813 -0.0110345760608 0.999939106816 0.000144194914595 -0.65996984432 0.0719478218567 0.000650132113193 0.997408185378 51.1631640321
0.997315729646 0.0104026691452 -0.0724784097118 -3.51206392226 -0.0103926247986 0.999945862231 0.000515709217061 -0.679278858852 0.0724798506448 0.000238916004035 0.997369848236 52.1258461671
0.997318164449 0.00763368073822 -0.0727887750815 -3.57019299786 -0.00769806314771 0.999970187054 -0.000604008688565 -0.699375770807 0.0727819942242 0.00116272142361 0.997347196013 53.0683224567
0.997300777789 0.00529384281747 -0.0732334203069 -3.64374345354 -0.00545124179786 0.999983241432 -0.00194956870898 -0.717179971881 0.0732218723093 0.0023435194716 0.997312922473 54.0334683005
0.997217221293 0.00458246318936 -0.0744097748108 -3.70465598717 -0.00467113600184 0.999988572328 -0.00101769480892 -0.734718818916 0.0744042609312 0.00136244096748 0.99722723073 54.9632588464
0.997149209889 0.0023345691962 -0.0754188504583 -3.77240136477 -0.00212308779859 0.999993587082 0.00288414504586 -0.749929184676 0.0754251000396 -0.0027158021125 0.997147771748 55.9104463261
0.997103900128 0.00256754896138 -0.0760080261683 -3.83634229401 -0.00196717059801 0.999966282608 0.00797269637668 -0.774484401146 0.0760259336642 -0.00780008589744 0.997075331191 56.8528794574
0.997061871687 0.00547223659523 -0.0764047030941 -3.91467912148 -0.00471266639944 0.999937704773 0.0101181692858 -0.79131097002 0.076455312462 -0.00972837092915 0.997025548316 57.799052762
0.996945690928 0.00679442924795 -0.0778018320605 -3.99650112498 -0.00633210658597 0.999960809045 0.00618747116431 -0.804175363723 0.0778408232675 -0.00567592322181 0.996949642725 58.7337400672
0.996807493089 0.00907700103538 -0.0793248370496 -4.07533775486 -0.00924220150613 0.999955818108 -0.00171567598143 -0.816392806671 0.0793057591356 0.00244333480246 0.996847343721 59.6563969733
0.996705741556 0.0106726045713 -0.0803975140276 -4.15527360104 -0.0112419253722 0.99991481423 -0.00663199793885 -0.82860935381 0.080319884612 0.00751397327645 0.996740817034 60.5736360103
0.996518465182 0.0162197927025 -0.081779379285 -4.22671415807 -0.0167376874298 0.999843944603 -0.00565121765318 -0.85244075729 0.0816749555927 0.00700034043083 0.996634434917 61.4711633913
0.996390606049 0.0192036393509 -0.0826860351766 -4.30684389912 -0.0195100084648 0.999805459502 -0.00289874454011 -0.884444883452 0.0826142829494 0.00450148707533 0.99657143089 62.3450717665
0.996304426493 0.0219852256782 -0.0830309556854 -4.42222024644 -0.0221610407644 0.999753698202 -0.00119632889846 -0.9086194226 0.082984203451 0.00303196017074 0.996546250404 63.2587852978
0.996199300562 0.0226743082266 -0.0841001147871 -4.50634155867 -0.0228879182029 0.999736794209 -0.00157654823645 -0.919807532722 0.0840422320092 0.00349543279856 0.996456062849 64.12937726
0.995984868055 0.0247396525585 -0.0860354124613 -4.57299409095 -0.0248801725626 0.999690283058 -0.000561223763427 -0.941495031729 0.0859948813556 0.0026995462845 0.996291921492 64.9761338955
0.9958236799 0.0253566916826 -0.087705397419 -4.63642441399 -0.02543213392 0.999676517856 0.000257316634384 -0.9631428103 0.0876835509875 0.00197429341492 0.9961464235 65.8021803377
0.995694998443 0.0253623025312 -0.0891528108705 -4.71835006282 -0.0253995089737 0.999677123085 0.000717303027786 -0.979150136558 0.0891422179424 0.0015502225826 0.996017701545 66.6298039394
0.995581847386 0.0251104070375 -0.0904779123026 -4.79684531235 -0.0250608206822 0.999684509529 0.0016842430132 -0.98995090655 0.0904916594111 0.000590648965384 0.995897038208 67.4439376802
0.995365118044 0.0279357310028 -0.0920210666885 -4.86591502495 -0.0276341977285 0.999607749313 0.00454957461501 -1.00347304013 0.0921120670545 -0.00198555952167 0.995746666907 68.2283308617
0.995178619689 0.0295987702556 -0.0935062977175 -4.93409011245 -0.0289080929072 0.999543927745 0.0087326212285 -1.01820153505 0.0937221269388 -0.00598742919862 0.995580390332 69.0159472399
0.994922757206 0.0330805200727 -0.0950493891894 -5.02170501177 -0.0322271246407 0.999425416779 0.0104999397156 -1.02979899952 0.0953421188717 -0.00738346045989 0.995417181327 69.8003359459
0.994748070867 0.0357436417477 -0.0959096845001 -5.12678147354 -0.0352953032161 0.9993566409 0.00636756307558 -1.03759147179 0.0960755800252 -0.00294895968976 0.995369673317 70.5532773877
0.994614605789 0.0357476537973 -0.0972825328539 -5.20914174443 -0.0359833184195 0.999352167071 -0.000668555524515 -1.05778901826 0.0971956107342 0.0041655034458 0.995256580905 71.2855178799
0.994471944418 0.0351161083201 -0.0989566101952 -5.27880720048 -0.0359298941985 0.999333478487 -0.00645302084103 -1.07005971039 0.0986640485068 0.0099728487177 0.99507082553 71.9883584046
0.994373433256 0.0362158982733 -0.0995484000178 -5.35195523694 -0.0371566226922 0.999280465896 -0.00761156156375 -1.08256311037 0.0992011120097 0.0112676169437 0.995003608126 72.6848976189
0.994192647006 0.0388095111089 -0.100373315608 -5.42634052281 -0.0393995473664 0.999215917547 -0.00390202348525 -1.10028738911 0.100143179029 0.00783402626013 0.994942195168 73.3626157958
0.994070272437 0.0390898006473 -0.101470591512 -5.51108498187 -0.0394477601844 0.99922047386 -0.0015227721191 -1.12205723015 0.101331967675 0.00551653005503 0.994837373757 74.0275379372
0.994091650278 0.0359189355488 -0.102428613755 -5.58745859953 -0.036582958043 0.999319981502 -0.0046110467335 -1.14117087084 0.102193336513 0.00833094473623 0.994729670479 74.6697566895
0.994335932404 0.0278324890018 -0.102573905487 -5.64520730468 -0.0289886332445 0.999531722885 -0.00979765738066 -1.15846784902 0.102253179283 0.0127156401136 0.994677133457 75.288238778
0.994533523132 0.0236976669842 -0.101693126346 -5.70283871649 -0.0252846662061 0.999577362763 -0.0143450865161 -1.17856063777 0.101310201961 0.0168379461876 0.994712383831 75.8859115398
0.994785292597 0.0264113782925 -0.0985122364478 -5.76997140048 -0.0279818451824 0.999501889032 -0.0145941824464 -1.19605438882 0.0980777139489 0.017274632204 0.99502881823 76.4693498578
0.995023567108 0.0315021597982 -0.0945289100059 -5.82968945333 -0.0327642295698 0.999393111282 -0.0118285409955 -1.20983441997 0.0940989168883 0.0148668439634 0.995451842527 77.047297563
0.995471516883 0.0299600896711 -0.0902155868027 -5.87042354016 -0.0308943980549 0.9994823361 -0.00897752715948 -1.22359668297 0.0898999179314 0.0117240288287 0.995881796151 77.6107158419
0.996063502348 0.0265312762105 -0.0845789020495 -5.90494521104 -0.0270261451392 0.999623625311 -0.00471117811817 -1.24209286727 0.0844220751236 0.00697847425907 0.996405647379 78.1537514762
0.996827952749 0.0223623663876 -0.0763803455621 -5.93356998546 -0.0225439348551 0.999744704292 -0.00151566553177 -1.25719862465 0.0763269521197 0.00323277130364 0.997077602582 78.6772353507
0.99748779071 0.0262708709685 -0.0657871471033 -5.96544802945 -0.026465723551 0.999647532451 -0.00209197056627 -1.26655785352 0.06570900138 0.00382781954682 0.997831486242 79.1970044833
0.998220298327 0.0315030824957 -0.0506338997153 -5.99505103114 -0.0316892290795 0.999493628032 -0.00287754821434 -1.27884930647 0.0505176084891 0.00447697628424 0.998713135948 79.7048188941
0.998786009198 0.0368304912151 -0.032711202178 -6.00516105727 -0.0369433142486 0.999313295342 -0.00285119021892 -1.28559657313 0.0325837285068 0.00405618912173 0.999460778603 80.1993496967
0.999322236978 0.0352332465159 -0.0106623177723 -5.99038196557 -0.0352653157421 0.999373964904 -0.00283474463652 -1.29384068528 0.0105557655306 0.00320883335421 0.999939137749 80.6777140344
0.9993745221 0.0318280494741 0.0154123276691 -5.95533995017 -0.0317942972027 0.999491479314 -0.00243011184737 -1.30577902636 -0.0154818359018 0.00193856773962 0.999878269947 81.1544139632
0.998514013834 0.0308622823091 0.0449141815984 -5.90914110981 -0.0308265851758 0.999523641247 -0.0014873585962 -1.31859063393 -0.0449386896157 0.000100597557256 0.998989741717 81.6156795867
0.996482163941 0.0304821141614 0.0780649579758 -5.85154224495 -0.0305255700533 0.999533783309 -0.000636864349537 -1.33052697196 -0.0780479757613 -0.00174835337824 0.996948071235 82.0666524392
0.992818217167 0.0311454727915 0.115507346889 -5.77180781379 -0.0312262199823 0.999511725452 -0.00111079685943 -1.33591236941 -0.115485543885 -0.00250403846592 0.993306004686 82.5151102969
0.987096675947 0.0315397966326 0.156988514112 -5.66645088324 -0.0315653131077 0.999498972638 -0.00233124499462 -1.34151815809 -0.156983385564 -0.00265422741726 0.98759767706 82.9487131616
0.978829046652 0.0310489495205 0.202310800906 -5.55318218326 -0.0310708593747 0.999512474738 -0.00306831227054 -1.36021204881 -0.202307437153 -0.00328261727034 0.97931656031 83.367231042
0.967134168068 0.0332916732507 0.252077697245 -5.43788020794 -0.0328299260629 0.999442710813 -0.00603852283332 -1.3739696862 -0.252138249599 -0.0024356304059 0.967688157824 83.7676414151
0.951543296036 0.0347924027199 0.305540250185 -5.28805893044 -0.0332446163086 0.999394486531 -0.0102691664087 -1.38213708407 -0.305712530421 -0.000386011932172 0.952123783832 84.1544422065
0.931573385645 0.0349333362416 0.361871094696 -5.12373712323 -0.0322939958532 0.999389369293 -0.013341153498 -1.39768805763 -0.362116176095 0.000741999900989 0.932132675345 84.516699689
0.907030932471 0.0353433749781 0.419578042068 -4.93719064781 -0.0315153593485 0.999374331784 -0.0160538810406 -1.41500055055 -0.41988292376 0.00133821391952 0.907577291209 84.863749301
0.877778374614 0.0355822433268 0.477743685483 -4.72228632705 -0.029946585911 0.999363019699 -0.019410225429 -1.42398811308 -0.478130031531 0.0027310838072 0.878284813787 85.1928607015
0.844253904873 0.0339261510464 0.534868544955 -4.48615407889 -0.0259442140944 0.999411489216 -0.022440431758 -1.44165711196 -0.535315086526 0.005068678096 0.844637239672 85.494335452
0.807372965101 0.0335518202429 0.589086725858 -4.22822165974 -0.0234935655302 0.999418233521 -0.0247234076348 -1.45705185922 -0.589573530276 0.00612126333257 0.807691514461 85.7758301942
0.767104266809 0.0327128498242 0.640687843883 -3.95668649954 -0.0219354842652 0.999452556692 -0.0247673464865 -1.4727975784 -0.641147314096 0.00494533904894 0.767401892914 86.0434267639
0.724317085741 0.0323646131575 0.68870697043 -3.66622728081 -0.0224482820195 0.999475063057 -0.023359643876 -1.49003178131 -0.689101468536 0.00145950087524 0.724663394908 86.2886561783
0.679021599571 0.031449567661 0.733444334636 -3.35905470245 -0.0201590761775 0.999503989257 -0.0241947743647 -1.50077864926 -0.73384145356 0.00164321417648 0.679318791793 86.5139671539
0.632352360214 0.030341357179 0.774086490372 -3.03885423096 -0.0157790254956 0.999529871087 -0.0262880040782 -1.51576566061 -0.774520183654 0.00440895095675 0.632533830135 86.7206778057
0.585433372623 0.0277873755946 0.810244177996 -2.70339840115 -0.00884156921594 0.999571839908 -0.027891997348 -1.53085991256 -0.810672309181 0.00916507609505 0.585428397421 86.9044072281
0.538231780814 0.0300411988869 0.842261287542 -2.37087719701 -0.00956212136645 0.999517872147 -0.0295396190526 -1.54617658168 -0.842742615487 0.00784535711347 0.53825954187 87.0759962668
0.490278781927 0.0330676962431 0.870938139857 -2.0337259588 -0.0121958066405 0.999442451239 -0.0310813281988 -1.56344478023 -0.871480337296 0.00461672258045 0.490408714829 87.2372033812
0.444378030507 0.0354640169108 0.895137123298 -1.68635936505 -0.011632559185 0.999360296164 -0.0338183680632 -1.57680369335 -0.895763835823 0.00461540422947 0.444506297452 87.3778337095
0.40185438339 0.0331339989896 0.915103924514 -1.33400018388 -0.003415654312 0.999392423646 -0.0346859750544 -1.59127631763 -0.91569721407 0.0108130324521 0.401723400456 87.4894415883
0.362606459854 0.0256874041569 0.931588274153 -0.959042497583 0.0127845258313 0.999388889802 -0.0325331037495 -1.6023367713 -0.931854662043 0.0237066279337 0.362056466066 87.5813165439
0.327303297111 0.0221394627385 0.944659936638 -0.588933032222 0.0179664756422 0.999398940233 -0.0296473272838 -1.61353167352 -0.944748515454 0.0266758777123 0.32670880015 87.6708282801
0.293905565134 0.026294098767 0.955472730722 -0.218479515393 0.016324537463 0.999337672293 -0.0325227030205 -1.62931125556 -0.955695049825 0.0251562537985 0.293281664335 87.7691482908
0.262255526213 0.0341355665178 0.964394526151 0.146009729578 0.00572211824852 0.999301576001 -0.0369271927469 -1.65407531785 -0.964981500514 0.0152027398823 0.261877032912 87.8674182321
0.233826132548 0.0383913007311 0.971520173628 0.533944202201 0.00238778090305 0.999194439414 -0.0400595899527 -1.67706096421 -0.972275495032 0.0116867563076 0.233546101417 87.9548311957
0.20819321796 0.0402322203601 0.977259920615 0.93895110905 0.00461833236453 0.999102082874 -0.0421153060396 -1.70109524849 -0.978076814469 0.0132814322097 0.207820471938 88.0246607053
0.185085487444 0.041812434972 0.981832512509 1.36006743215 0.012279430982 0.998918044139 -0.0448548399759 -1.72126416329 -0.982645703147 0.0203583244943 0.184371800206 88.0714383357
0.16515336756 0.0482489464982 0.985087003439 1.77549859568 0.0201628682975 0.99842874968 -0.0522827940525 -1.72980622331 -0.986061774903 0.0284968590152 0.163921033125 88.1142534169
0.145373405429 0.0553106563018 0.98782959274 2.21846587985 0.0229693522948 0.997978335775 -0.0592591780206 -1.73728640247 -0.98911019702 0.0313045144347 0.143809059266 88.1725470836
0.128180409601 0.0561346570585 0.990160937864 2.61655076594 0.0219835186551 0.997990713985 -0.0594244032992 -1.75153225372 -0.991507189839 0.0293842658043 0.126688821216 88.2031190433
0.113682147517 0.0517165782186 0.992170229786 3.03379004074 0.0208450851493 0.998300282495 -0.0544245201772 -1.77646823349 -0.993298470633 0.0268689692538 0.112410883504 88.186504241
0.0992812779605 0.0485859231674 0.993872545107 3.50050621346 0.022437801777 0.998443970482 -0.0510507870668 -1.80040428587 -0.994806399707 0.0273687025396 0.0980366320482 88.2312139828
0.0863365814833 0.0462103580794 0.995193748726 3.94940144403 0.0253805863999 0.998497474526 -0.0485656174659 -1.82378076302 -0.99594267934 0.0294515903138 0.0850340125845 88.2459452932
0.0747492516782 0.0458136629066 0.996149415331 4.48029342358 0.0298054279958 0.998395151092 -0.0481534914342 -1.83957253272 -0.996756833854 0.0332900971221 0.0732637945923 88.2841833371
0.0654034445937 0.0456072906328 0.996816113672 4.88939777698 0.0330799242542 0.998306808592 -0.0478459458059 -1.89554118215 -0.997310437149 0.0361038912012 0.0637840183237 88.2590984959
0.0577312744342 0.0462032261685 0.997262433788 5.43062244797 0.0363806930925 0.99816762292 -0.0483512329144 -1.92166382713 -0.997669055911 0.0390724768329 0.055944583579 88.2840210081
0.0525933258105 0.0466236308217 0.997527031779 5.99637733453 0.0389280044189 0.998054533013 -0.0487007146262 -1.94980938588 -0.997856980009 0.0413930692526 0.0506760423247 88.2961837394
0.0479866033608 0.0477257355016 0.997707141434 6.49623556017 0.0407002471034 0.997934856604 -0.0496941833625 -1.96468707654 -0.998018424571 0.0429915822595 0.0459450549157 88.2697487151
0.042150185445 0.0483134329605 0.997942470317 7.0589898884 0.0417804246432 0.997871196073 -0.0500746658928 -2.00158776742 -0.998237325481 0.0438051166328 0.0400419002197 88.2856462009
0.0382306059658 0.0484092736433 0.998095668257 7.62675764469 0.0446458679376 0.997745707321 -0.0501023951388 -2.02616857474 -0.998271089055 0.0464762923205 0.0359831489527 88.286489706
0.0354751902665 0.0481221948984 0.998211282862 8.1805357115 0.0456797540188 0.997717946773 -0.0497218137137 -2.07115085713 -0.998326034394 0.0473619366618 0.0331960239683 88.2821420305
0.0322483131892 0.0479348341294 0.998329754126 8.80208764261 0.0462213441178 0.997709084037 -0.0493980867845 -2.10043444915 -0.998410553652 0.0477371480821 0.0299588225502 88.2995249089
0.0297240640479 0.0473900060118 0.998434107664 9.45298576424 0.0484405932378 0.997633521465 -0.0487941162083 -2.13559611774 -0.99838368824 0.0498150999195 0.0273581226836 88.3239906268
0.0293925301997 0.0471112814836 0.998457112912 10.0459732175 0.0518730827687 0.997470812657 -0.0485917810101 -2.16701247516 -0.998221048893 0.0532212838499 0.0268743835806 88.3107531006
0.0301363026594 0.0471205262937 0.998434504243 10.767951644 0.0557707626524 0.997252848061 -0.0487481186042 -2.19863876188 -0.997988689964 0.0571525418165 0.0274255659691 88.3495967186
0.0323731040345 0.0473913433404 0.998351662848 11.4860876571 0.0572161612958 0.997149284278 -0.0491895898634 -2.23282507923 -0.997836806808 0.0587142694815 0.0295692667733 88.3806582532
0.0360001141067 0.0472346145318 0.998234883669 12.1869283925 0.0589503494735 0.997042604465 -0.049304169997 -2.2811112668 -0.997611571746 0.0606212509948 0.0331091504961 88.4039193086
0.040621598418 0.0467658400912 0.998079576959 12.9115640286 0.0594812078688 0.99701932679 -0.0491370320325 -2.32028321273 -0.997402562485 0.0613630035694 0.0377188300522 88.4231455862
0.0444326812715 0.0452470016908 0.997987197149 13.6388333746 0.061070314084 0.996982471356 -0.0479204397657 -2.35796527522 -0.997143998414 0.0630766252082 0.0415353557784 88.4595463667
0.0481131014349 0.0441441496967 0.997865934641 14.4117368092 0.0608863076903 0.997035507709 -0.0470431068679 -2.39040154159 -0.996984446722 0.0630197621028 0.0452826962354 88.5086765369
0.0520373991497 0.0418026148125 0.997769838432 15.1984215445 0.0571531758913 0.997361267331 -0.0447662474784 -2.44736790551 -0.997008336763 0.0593552341634 0.0495109341675 88.557861654
0.0556935863633 0.0406272524529 0.997620995567 15.9806589771 0.0546786220609 0.997548287182 -0.0436768019628 -2.50248694924 -0.996949583844 0.0569810591188 0.0533355995015 88.6066564442
0.059855334083 0.0414230205746 0.997347217547 16.7598798512 0.0511035696536 0.997701237098 -0.0445046813439 -2.55508102295 -0.996898071094 0.0536318455708 0.0576008766444 88.6461206969
0.0631142844387 0.0457567156345 0.996956824579 17.5535130815 0.0488983197075 0.997606881176 -0.0488821538046 -2.59475229983 -0.996807675246 0.051834675702 0.0607258179467 88.6952623722
0.0643658815466 0.0507398732837 0.996635589647 18.3433837871 0.0425737056542 0.997657652936 -0.0535414524023 -2.65179500156 -0.99701780971 0.0458767130213 0.0620549298828 88.7479549598
0.0641900204677 0.0541240879146 0.996468877778 19.165503847 0.040482012714 0.99756500861 -0.0567913747365 -2.69224847177 -0.997116265999 0.043984505286 0.0618426663054 88.8086600965
0.0642595696576 0.0537767008833 0.996483203145 19.9769289242 0.0373549092421 0.997717545804 -0.0562521959651 -2.74829653683 -0.997233833393 0.0408382815198 0.0621040763524 88.8611638954
0.0639161453428 0.0518058623391 0.996609692403 20.7844621247 0.0342860838469 0.997948110771 -0.0540743253626 -2.81122916072 -0.997366126765 0.0376260659156 0.0620087763526 88.9242255332
0.0634736855088 0.0506118937065 0.996699316476 21.6083412898 0.0352765969113 0.997975296577 -0.0529232381103 -2.86595726919 -0.99735984126 0.038519393001 0.0615597547473 88.9867156302
0.0640276502028 0.0501843911566 0.996685500493 22.4133310125 0.0327406321561 0.998091500041 -0.052358462088 -2.91544494754 -0.997410903798 0.0359845026427 0.0622623847441 89.0382255423
0.0642154984151 0.0506835680541 0.996648155415 23.2239116154 0.03097847483 0.99812688064 -0.0527547556249 -2.96781238677 -0.997455113707 0.0342623127231 0.0625251154846 89.0917899273
0.0642911526187 0.0514238520269 0.996605355764 24.0288652326 0.0282851874357 0.99817628843 -0.0533295920475 -3.01928741355 -0.997530248096 0.0316177902286 0.0627193708066 89.1475132406
0.0626189428426 0.0527187796427 0.996644168332 24.8487510235 0.0248113570883 0.998213060995 -0.0543606605767 -3.07661152822 -0.99772905368 0.028132101448 0.0611990221442 89.2151429917
0.0599573237416 0.0526947130558 0.996809102359 25.6518804894 0.0224253624944 0.99828250985 -0.054121471199 -3.12364326709 -0.997949007939 0.0255987840281 0.0586726495868 89.2638914271
0.0561332994694 0.0514740555036 0.997095519146 26.4533459567 0.0198076242187 0.998416177075 -0.0526573392502 -3.17807431477 -0.998226783208 0.0227059235468 0.0550248155145 89.3080512357
0.0511855289267 0.0491846064792 0.997477275989 27.2568817823 0.0179222041787 0.998580443131 -0.0501586801405 -3.22943372128 -0.998528335214 0.0204443899772 0.0502313715977 89.3527726498
0.0447831405877 0.0472498987525 0.997878708755 28.0777612708 0.015791876866 0.99872256109 -0.0479985686787 -3.28050942239 -0.998871907175 0.017907904345 0.0439797682784 89.3967230903
0.037132893578 0.0477391096026 0.998169387243 28.9017137686 0.0156934536352 0.998707226401 -0.0483486447316 -3.32913801672 -0.999187101462 0.0174600500782 0.0363356976504 89.4337842364
0.0287768851923 0.0487094618795 0.998398356971 29.6969730816 0.0158941423559 0.998663433535 -0.0491805119802 -3.37948838127 -0.999459487482 0.0172839475605 0.0279642278514 89.4494928639
0.0188366581043 0.0494545572936 0.998598731761 30.5028069938 0.0163035366531 0.998627951159 -0.0497635394387 -3.42296324548 -0.99968963934 0.0172180698035 0.0180045291019 89.461966592
0.00880169137861 0.0488320728068 0.998768220807 31.297234409 0.018254784096 0.998632617083 -0.0489863139627 -3.46426385918 -0.999794625454 0.01866346065 0.00789823715013 89.4631302242
-0.0019862012023 0.0481311893616 0.998839047903 32.0927797023 0.0170030915993 0.998698247553 -0.0480905937828 -3.51098027382 -0.999853464204 0.0168878342293 -0.00280199468152 89.4607755168
-0.0129013395271 0.0473182704607 0.998796544207 32.8795145714 0.0184322369939 0.998721204861 -0.0470766141628 -3.56242388028 -0.999746872002 0.0178027032285 -0.0137570229321 89.4461135047
-0.0241040159734 0.0476580679566 0.998572834085 33.6484855628 0.0187563537838 0.998708788625 -0.0472118069476 -3.61169209486 -0.999533488987 0.0175915912062 -0.024966784177 89.4277125591
-0.0349474409365 0.0483288054516 0.99821991712 34.425763614 0.0198110997687 0.998667282857 -0.0476568827861 -3.65984528188 -0.999192772541 0.0181103482727 -0.0358583126694 89.3958271454
-0.0459440164095 0.0496737254887 0.997708208021 35.2066005414 0.0196220028448 0.99861506314 -0.0488152913878 -3.70537002829 -0.998751282533 0.0173342627476 -0.0468550848306 89.3678294243
-0.0564120210525 0.0509083318285 0.997108833393 35.9864065972 0.0208973157966 0.998540608291 -0.0497991544649 -3.7501812422 -0.99818885291 0.0180276272249 -0.0573935413036 89.3277926889
-0.0661402398024 0.0515934438424 0.996475581854 36.7566822876 0.0216493565785 0.998501426872 -0.050261375763 -3.79862531887 -0.997575447793 0.0182487557475 -0.0671580886792 89.2805238358
-0.0764841582114 0.0518822268163 0.995720045034 37.5364962153 0.0216318591785 0.998496569856 -0.050365292155 -3.85151260665 -0.996836113015 0.0176871288218 -0.0774914786468 89.2394602012
-0.0858316426828 0.0525626373243 0.994922156891 38.2897254332 0.0232571769283 0.99844095372 -0.0507421487104 -3.89404087804 -0.996038168363 0.0187837986557 -0.0869202857357 89.1757913944
-0.0943355329953 0.0524436702156 0.994158170851 39.0207226204 0.0245537717363 0.998430310211 -0.0503391293715 -3.9316279875 -0.995237619621 0.0196615641971 -0.0954751453799 89.103767759
-0.101712239742 0.0514646622979 0.993481760689 39.7513254242 0.0273159418976 0.998428889915 -0.0489243405769 -3.97964306977 -0.994438766141 0.0221616857933 -0.102958244342 89.0264930706
-0.10687964323 0.0500640716014 0.993010740424 40.4740163172 0.03047548859 0.998427204106 -0.0470570153828 -4.02143119877 -0.993804802996 0.025233050474 -0.108237270409 88.9447783457
-0.11056641178 0.0487530144582 0.992672258184 41.1803970212 0.0343095144801 0.998388055601 -0.0452122511066 -4.06220406445 -0.993276359229 0.0290591468428 -0.112060877127 88.8618515649
-0.113249459328 0.0477183913717 0.992420029567 41.8875718547 0.0361932807022 0.998381211924 -0.0438748459731 -4.10378883751 -0.992907148929 0.0309501341201 -0.114793217588 88.7779241186
-0.115133486893 0.0472389041906 0.992226166822 42.5843220133 0.0369539179879 0.998380873309 -0.0432439562898 -4.13857718958 -0.99266242406 0.0316878169195 -0.116692733782 88.6998083446
-0.115888464032 0.0477421634792 0.992114181801 43.2409749732 0.0376787821157 0.99833653107 -0.0436403495503 -4.17761267987 -0.992547315387 0.0323242410108 -0.117494553748 88.6229322453
-0.114854284237 0.048689485584 0.99218840317 43.85787959 0.038005076691 0.998282237134 -0.0445891149016 -4.21927425517 -0.992655079843 0.0325869454776 -0.116507439446 88.5532240036
-0.111538037772 0.0507070273134 0.992465648529 44.4821874 0.0396447398738 0.998129368475 -0.0465409323985 -4.249606407 -0.99296906333 0.0341549581939 -0.11333965811 88.4731932437
-0.106486027888 0.0512330293723 0.992993405097 45.0975289594 0.0394243455913 0.998103886611 -0.0472689380759 -4.28970979585 -0.993532307899 0.0341146337142 -0.10830394696 88.4137067911
-0.0983928704454 0.0518512187075 0.993795901664 45.6936099119 0.0383079612516 0.998098820591 -0.0482829622152 -4.32894224241 -0.994410047792 0.0333195956469 -0.100192122423 88.356228066
-0.0871571170414 0.0517163520924 0.994851273244 46.2371182378 0.0364757458732 0.998147582326 -0.0486921334458 -4.37021119819 -0.99552657268 0.0320440762507 -0.0888820581738 88.3111363241
-0.0732903851543 0.0521036936589 0.99594865558 46.8036581193 0.0358500899463 0.998126568353 -0.0495794775902 -4.40868314631 -0.996666087762 0.0320711498761 -0.0750210027316 88.2741175704
-0.0560402908849 0.0535421882802 0.996991835409 47.3506994354 0.0344296997121 0.99807080806 -0.051664861141 -4.44414224204 -0.997834696518 0.0314308156617 -0.0577756198718 88.2552167944
-0.0347658895132 0.0564768283012 0.997798426934 47.891096128 0.0321038912474 0.99794982639 -0.0553668147503 -4.47649484953 -0.998879709021 0.0301083356208 -0.0365077393577 88.2518122782
-0.00988741468454 0.0595719946144 0.99817504301 48.4078013353 0.0293447277238 0.997811197596 -0.0592596060298 -4.51867838766 -0.999520448008 0.028705250559 -0.0116138970494 88.2564921084
0.0186358961728 0.0612576837207 0.997947994416 48.928718601 0.026960229728 0.997727607038 -0.0617476166877 -4.5616642691 -0.999462780391 0.0280556293596 0.0169420268678 88.2780391811
0.0520869943547 0.0605955657925 0.996802449047 49.4440287052 0.0232645531013 0.997812875663 -0.0618726573765 -4.6027113144 -0.998371526832 0.0264129242628 0.0505633448636 88.3164190472
0.0904732825481 0.0581515093545 0.994199671648 49.9618430354 0.0209460908527 0.997961854265 -0.0602776800362 -4.64428540338 -0.995678585902 0.0262781162254 0.0890708380149 88.3757077459
0.132811634111 0.0544985471405 0.989641843398 50.4920215334 0.0167283663485 0.998221664059 -0.0572160044201 -4.68217788977 -0.991000116854 0.0241540423544 0.131663778747 88.4634727308
0.178649341483 0.0505732998543 0.982612209434 50.9705093337 0.0130488801572 0.998468523945 -0.053761821191 -4.71529131955 -0.983826275068 0.0224265029146 0.177715819365 88.5681873005
0.227187707448 0.0476636449795 0.972683875949 51.4617293007 0.00737942639076 0.998688616793 -0.0506615313138 -4.74899200125 -0.973823027891 0.018687526219 0.226538046944 88.7060885725
0.279186735506 0.0461031294351 0.95912943244 51.9427695721 0.00181991651451 0.998819547976 -0.0485406889608 -4.78463573433 -0.960235103827 0.0152974519838 0.278773265113 88.8629010532
0.334679624484 0.045544010907 0.941230732618 52.4261782758 -0.000875333537422 0.998845960424 -0.0480206324018 -4.81987036005 -0.942331567309 0.015247636393 0.334333257153 89.0458597705
0.393158764911 0.0465620510446 0.918290891263 52.8791574006 -0.000524101636058 0.998728155114 -0.0504162424202 -4.84283639477 -0.919470451342 0.0193403098429 0.392683131194 89.2605855328
0.45379130728 0.0503473104305 0.889684549585 53.3099271145 -0.00157406808766 0.998446349278 -0.0556992811701 -4.86937913579 -0.891106599542 0.0238754255592 0.453165524182 89.4947353373
0.513891105333 0.0536403998437 0.85617675708 53.7033579284 -0.00243943150642 0.998130518679 -0.0610697703863 -4.89536492183 -0.857851957527 0.0292946272499 0.513061247592 89.7605745406
0.572331288833 0.0580581985877 0.817964633343 54.066696575 -0.00891332749603 0.997872003908 -0.0645911480775 -4.92130348962 -0.819974053501 0.0296767483693 0.571630861825 90.052372149
0.628236439652 0.0609483549829 0.775631532313 54.4092541816 -0.0148051059563 0.997682889759 -0.0664052732837 -4.94919016071 -0.777881600715 0.0302349054429 0.627683093417 90.3743964253
0.681101473736 0.0614994229526 0.729601674512 54.7208873043 -0.0181839529333 0.99757969309 -0.067112590395 -4.98090180659 -0.73196320012 0.0324434417149 0.680571301745 90.7064282347
0.729988611846 0.0591734770964 0.680892888921 55.0139353042 -0.0202906638835 0.997682171159 -0.0649505528143 -5.01302296515 -0.683158045795 0.0335973951377 0.729497292322 91.0680874136
0.775036294634 0.0553548019464 0.629487559767 55.2835753361 -0.02398948348 0.998015179611 -0.0582254750737 -5.04542512128 -0.631461199665 0.0300257750386 0.774825919902 91.4517631322
0.815973545269 0.0501305274564 0.575911541505 55.5050115522 -0.0262168548856 0.998416922585 -0.0497626889868 -5.07433481275 -0.577494458797 0.0255064484441 0.815996060742 91.8101478889
0.851902428097 0.0478201403399 0.521512691294 55.7125619708 -0.0302577203617 0.998653231019 -0.042144922991 -5.09684303767 -0.52282571031 0.0201235770498 0.852202040766 92.2261696212
0.88239701363 0.043823472906 0.468460258249 55.8771964566 -0.0318284772078 0.998931929192 -0.033495505373 -5.12002694789 -0.469427798895 0.0146459572587 0.882849385547 92.6307585786
