1 -6.45490574551e-24 4.34513541731e-22 2.18530885563e-24 6.45490574551e-24 1 4.74764068655e-23 2.80938622571e-25 -4.34513541731e-22 -4.74764068655e-23 1 1.20639962958e-24
0.999991566206 -0.00215472373355 -0.00349638121368 -0.00258306130647 0.00214621164792 0.999994728681 -0.00243647004869 -0.000241848040252 0.00350161270297 0.00242894552592 0.999990919425 0.681122146922
0.999970839224 -0.00129587377097 -0.00752604892013 -0.018452588516 0.00127004701403 0.99999329243 -0.00343541486534 -0.0155746159009 0.00753045030265 0.00342575625001 0.999965777671 1.373811188
0.999935402684 -0.00117459847559 -0.0113053429214 -0.0369564783032 0.00111866266318 0.999987109174 -0.00495278505537 -0.0184321631548 0.01131101472 0.00493981825373 0.99992382667 2.08248653714
0.999860058006 0.000225899695136 -0.0167276230865 -0.0431789668932 -0.000324528903899 0.999982579291 -0.00589370817147 -0.0184404795252 0.0167260002926 0.00589831199138 0.999842713045 2.81448829288
0.999778198412 -0.000768923471987 -0.0210466799463 -0.0681751471268 0.000640076330396 0.999981018645 -0.00612802193299 -0.0271826154427 0.0210509924317 0.00611319124633 0.999759713436 3.55911758241
0.999663753377 0.000681125129106 -0.0259213474409 -0.0883021010357 -0.000859948337556 0.99997590656 -0.00688816292362 -0.0471400138267 0.0259160312057 0.00690813782173 0.999640253771 4.32104892541
0.999510721166 0.00323926076906 -0.0311098933429 -0.113004180057 -0.00348059452882 0.999964247467 -0.00770644205222 -0.0515888608265 0.0310838179101 0.0078109523778 0.999486260679 5.09335187361
0.99935609936 0.00319460877795 -0.0357376712443 -0.145356208387 -0.00341334558401 0.999975804649 -0.00606128597073 -0.0604176816904 0.0357174431215 0.00617936812715 0.999342823893 5.89383363483
0.999188502673 0.00212367857896 -0.0402222092232 -0.182584116039 -0.00226525253586 0.999991398038 -0.00347454754527 -0.0640520103335 0.0402144844111 0.00356284142067 0.99918471836 6.68881959325
0.999054534356 0.00158801485853 -0.0434455474365 -0.23490150781 -0.00163642900766 0.99999807912 -0.00107882199372 -0.0674073332007 0.0434437507975 0.00114889755867 0.999055213965 7.50727698578
0.998929417531 0.00361577520225 -0.0461188135229 -0.285990608231 -0.0036943324394 0.999991866562 -0.00161824540985 -0.0850392680055 0.0461125872068 0.00178689117355 0.998934650676 8.3357367982
0.998844578898 0.00292474265154 -0.047968250814 -0.348350727511 -0.00301009422795 0.999994012391 -0.00170719508943 -0.0936503770466 0.0479629704926 0.0018496115151 0.998847401958 9.16836582013
0.998741877813 -2.17228757617e-05 -0.0501463959817 -0.384340671097 -8.55541920711e-05 0.999997712675 -0.0021371302647 -0.10526360222 0.0501463277052 0.00213873172809 0.998739591507 10.0099662904
0.99864068148 -0.000149812119239 -0.0521226136119 -0.432489278973 8.50571307302e-05 0.999999221899 -0.00124457480501 -0.115830507989 0.0521227595076 0.00123844963147 0.998639917179 10.8449185029
0.998568026793 -0.00130380431736 -0.0534807999366 -0.489253669547 0.001230548339 0.999998259135 -0.00140266826512 -0.132307575183 0.0534825356387 0.00133484897222 0.998567892814 11.706070222
0.998459317526 0.00104396636494 -0.0554788372217 -0.545812097916 -0.00124812278064 0.999992576685 -0.00364537568962 -0.142663287295 0.0554746197352 0.00370900372376 0.998453208647 12.5750813554
0.998398660545 0.00185159621978 -0.0565392448935 -0.605637795042 -0.00221208048073 0.999977620403 -0.00631390475486 -0.15568464778 0.0565262887659 0.00642886341008 0.998380412665 13.4362801845
0.998276217811 0.00601518382689 -0.0583815939853 -0.663263276219 -0.00647139610737 0.999949963043 -0.00762839714075 -0.173926556176 0.0583327865369 0.00799305786569 0.998265193744 14.3139189418
0.99819153196 0.0069853902004 -0.0597065310185 -0.713764608688 -0.00744242298105 0.999944658806 -0.0074357020716 -0.184929929373 0.0596512855074 0.00786661610063 0.998188279078 15.1967897161
0.998105476321 0.005709101103 -0.0612606260443 -0.775770453281 -0.00609134860475 0.999963117048 -0.006054751478 -0.195295414286 0.0612237993832 0.00641644043693 0.998103439369 16.0994225115
0.998023110096 0.00546302220174 -0.0626101198134 -0.85051039231 -0.0057696316486 0.99997222849 -0.00471737216859 -0.19922455201 0.0625826099269 0.00506928377198 0.998026913112 17.0231796262
0.997957224341 0.00497698560147 -0.0636915064931 -0.915391433958 -0.0052855649889 0.999975092388 -0.00467732897453 -0.211575476836 0.0636666410908 0.00500441983756 0.997958673791 17.9403765011
0.997842288185 0.00407269999499 -0.0655300009483 -0.975864982079 -0.00443402384154 0.99997575432 -0.00536937648715 -0.223227893185 0.0655065442693 0.0056483525066 0.99783615327 18.846683931
0.997766656896 0.00285028971449 -0.0667351049659 -1.02632951772 -0.00327386571617 0.999975180393 -0.00623862177995 -0.235334879044 0.0667156667473 0.00644317056923 0.997751224185 19.7424615035
0.997749005636 0.00395854493758 -0.0669421517005 -1.11992953438 -0.00431970514842 0.999976882141 -0.00525122188421 -0.237704853484 0.0669198169435 0.00552857177069 0.997743039562 20.7019376512
0.997754994443 0.00442186131623 -0.0668237847297 -1.20193083004 -0.00454914111415 0.999988116675 -0.00175266183632 -0.247675449726 0.0668152406134 0.00205271792727 0.997763253468 21.6504741526
0.997793533153 0.00499654024394 -0.0662049830651 -1.2698721377 -0.00488645822485 0.999986396636 0.00182457349602 -0.254224444047 0.0662131990095 -0.00149703975107 0.99780437519 22.5963158974
0.997910235992 0.00413038882292 -0.0644833373019 -1.3499559679 -0.00384221469002 0.999982073739 0.00459234004986 -0.265665682391 0.0645011495067 -0.00433498431707 0.997908217034 23.5487695114
0.998025790933 0.00477441933892 -0.0626236820458 -1.43610831124 -0.00447254601426 0.999977698454 0.00495973054401 -0.268218820507 0.0626459652743 -0.00466985169947 0.998024887225 24.5161139946
0.998140461497 0.00655145146713 -0.0606027854705 -1.51719886499 -0.00643910277835 0.999977169592 0.00204896317955 -0.289077724906 0.060614825567 -0.00165492548932 0.998159859012 25.4734306246
0.998197160865 0.00686383697667 -0.0596264688146 -1.59455545224 -0.00706465833143 0.999970058899 -0.00315783286883 -0.286590942576 0.0596030086825 0.00357338043384 0.998215764406 26.445410312
0.998282763445 0.00620983160804 -0.0582491390455 -1.65876470101 -0.00657620311547 0.999959770058 -0.00610014908435 -0.298635931367 0.0582089147874 0.00647273185502 0.998283439701 27.3910298649
0.998353560969 0.00348327000768 -0.0572541188948 -1.73066791874 -0.00378400187139 0.999979604914 -0.00514500585476 -0.310382704934 0.0572350297475 0.00535318460935 0.998346380163 28.3684621795
0.998357176304 0.00315482879705 -0.0572101003097 -1.7848448827 -0.00319022737463 0.999994772122 -0.00052742591512 -0.330083329567 0.0572081372838 0.000709072675442 0.998362021636 29.3281097687
0.998312114171 -0.00112289644674 -0.0580660124634 -1.85254476014 0.0012811328599 0.999995566781 0.00268795769818 -0.333564083026 0.0580627367459 -0.00275781100908 0.998309127014 30.333611609
0.998218864201 -0.00866905031235 -0.0590249669151 -1.92120651097 0.00879306521337 0.999959644358 0.00184164614675 -0.338528092056 0.0590066196015 -0.00235737630818 0.998254807962 31.3353411249
0.998147833378 -0.0102500312886 -0.0599653198249 -2.00586115992 0.0101425419529 0.999946365049 -0.00209663275154 -0.356394673083 0.0599835941391 0.0014845486663 0.99819825914 32.3341128975
0.998053838301 -0.00947715969897 -0.0616337512769 -2.06901681382 0.00910410851191 0.99993851665 -0.0063307288415 -0.368529184772 0.0616899591556 0.00575728785988 0.998078755698 33.3372020981
0.997947283851 -0.00788137429163 -0.0635539345306 -2.14428655784 0.00743971031591 0.999946525477 -0.00718309794471 -0.384901662694 0.0636071486978 0.00669553022122 0.997952554238 34.3244213034
0.997920416335 -0.0076903655754 -0.063997663548 -2.23869242133 0.00732478659659 0.999955500954 -0.00594504940258 -0.400543469358 0.0640405353163 0.00546391694679 0.997932340115 35.3514508127
0.997865540497 -0.00379214371079 -0.0651918916377 -2.3112814744 0.00357432994736 0.999987635109 -0.00345742592901 -0.416624308527 0.0652041966031 0.00321702886278 0.997866756371 36.3415098917
0.997815009904 -0.00252334452864 -0.0660215021223 -2.40338406238 0.0023816862722 0.999994690111 -0.00222425746094 -0.448153978526 0.0660267641233 0.00206215497514 0.997815721432 37.3571739433
0.997737090849 -0.00125531823846 -0.0672244131235 -2.46335393015 0.00127887892199 0.999999134973 0.000307444597094 -0.46154978938 0.0672239690318 -0.000392720762889 0.99773783318 38.3337840871
0.997741484164 -0.00126749525661 -0.0671589475322 -2.53459064616 0.00150028481681 0.999993040275 0.00341592554732 -0.479177159532 0.067154150455 -0.00350896817467 0.997736441762 39.3366744871
0.997687170183 0.00399964764149 -0.067855090238 -2.60952559804 -0.00360439039804 0.99997582376 0.00594644981201 -0.487237581449 0.067877233461 -0.00568812044986 0.99767746615 40.3135578624
0.997675945629 0.00359566245408 -0.0680424773597 -2.68341189436 -0.00324834319632 0.999981128969 0.00521440053151 -0.490285322356 0.0680599425522 -0.00498125666277 0.9976687984 41.3104085466
0.997719658696 0.00519673204291 -0.0672939568419 -2.77696601209 -0.00498899594087 0.999982258321 0.00325468328926 -0.506015347181 0.0673096766511 -0.002911532223 0.997727883949 42.3212274581
0.997709188853 0.00841200759752 -0.0671238601818 -2.86373882261 -0.00835531370315 0.99996446057 0.0011253134426 -0.52606761472 0.0671309407833 -0.000561894653239 0.9977440158 43.3299935325
0.997642699214 0.00771712554547 -0.0681871738585 -2.93461595389 -0.00766399437394 0.999970089554 0.00104076301765 -0.53304668626 0.0681931660486 -0.000515723509345 0.997672003282 44.3340735379
0.997575151168 0.00661549608145 -0.0692824146817 -3.01279393349 -0.00648661489496 0.999976787946 0.00208504118194 -0.549814518286 0.0692946000763 -0.00163057692923 0.997594907575 45.334778135
0.997514948905 0.00744663154082 -0.0700605052124 -3.08896082598 -0.00724049236513 0.999968680595 0.00319579404159 -0.570059088398 0.0700821088597 -0.00268057977702 0.997537624609 46.3263480867
0.997497345739 0.0105409310215 -0.069913761286 -3.17666764852 -0.0105976609462 0.999943746166 -0.000440551482044 -0.589113758935 0.0699051845461 0.00118037127158 0.997552941902 47.2999102327
0.997427141939 0.0119382683774 -0.0706864504147 -3.25552228037 -0.0123061463909 0.999912893631 -0.0047711540576 -0.607328404568 0.0706233338571 0.00562875636208 0.997487173761 48.2624454503
0.997360266033 0.0129528912449 -0.0714473396795 -3.32779720032 -0.0134438399696 0.9998891783 -0.00639486406537 -0.618012395729 0.0713565897851 0.00733850992638 0.997423873469 49.2270310792
0.997360455387 0.0122284422266 -0.0715722518233 -3.39292452494 -0.012462149458 0.999918368778 -0.00281968289971 -0.640339060223 0.0715319289634 0.00370418432017 0.997431432309 50.2001159761
0.997347356274 0.0110163509941 -0.0719506146166 -3.452997007 -0.0110345760593 0.999939106816 0.000144194918667 -0.659969844204 0.0719478218164 0.000650132108583 0.997408185381 51.1631640321
0.997315729649 0.010402669144 -0.0724784096709 -3.51206392109 -0.0103926247971 0.999945862231 0.000515709221187 -0.679278858732 0.0724798506039 0.000238915999386 0.997369848239 52.1258461672
0.997318164452 0.00763368073708 -0.07278877504 -3.57019299665 -0.00769806314622 0.999970187054 -0.000604008684384 -0.699375770683 0.0727819941828 0.00116272141902 0.997347196016 53.0683224568
0.997300777792 0.00529384281636 -0.0732334202648 -3.64374345228 -0.00545124179634 0.999983241432 -0.00194956870475 -0.717179971752 0.0732218722673 0.00234351946704 0.997312922476 54.0334683006
0.997217221296 0.0045824631882 -0.0744097747681 -3.70465598588 -0.00467113600029 0.999988572328 -0.00101769480464 -0.734718818784 0.0744042608886 0.0013624409629 0.997227230733 54.9632588465
0.997149209892 0.00233456919484 -0.0754188504151 -3.77240136344 -0.00212308779701 0.999993587082 0.0028841450502 -0.74992918454 0.0754250999964 -0.00271580211704 0.997147771752 55.9104463262
0.997103900131 0.00256754895977 -0.0760080261246 -3.83634229263 -0.00196717059641 0.999966282608 0.00797269638107 -0.774484401005 0.0760259336204 -0.00780008590205 0.997075331195 56.8528794575
0.99706187169 0.00547223659351 -0.0764047030498 -3.91467912007 -0.00471266639782 0.999937704772 0.0101181692903 -0.791310969875 0.0764553124177 -0.00972837093394 0.99702554832 57.7990527621
0.996945690931 0.00679442924639 -0.0778018320156 -3.99650112352 -0.00633210658431 0.999960809045 0.0061874711688 -0.804175363574 0.0778408232226 -0.00567592322672 0.996949642728 58.7337400673
0.996807493093 0.00907700103417 -0.0793248370042 -4.07533775336 -0.00924220150445 0.999955818108 -0.0017156759769 -0.816392806518 0.0793057590902 0.00244333479739 0.996847343724 59.6563969734
0.996705741559 0.0106726045703 -0.0803975139816 -4.1552735995 -0.0112419253705 0.99991481423 -0.00663199793427 -0.828609353653 0.080319884566 0.00751397327125 0.996740817038 60.5736360104
0.996518465186 0.0162197927015 -0.0817793792385 -4.22671415649 -0.016737687428 0.999843944603 -0.00565121764856 -0.852440757128 0.0816749555462 0.00700034042532 0.996634434921 61.4711633914
0.996390606053 0.0192036393497 -0.0826860351296 -4.3068438975 -0.0195100084631 0.999805459502 -0.00289874453544 -0.884444883287 0.0826142829025 0.00450148706962 0.996571430894 62.3450717666
0.996304426497 0.0219852256769 -0.0830309556379 -4.42222024478 -0.0221610407626 0.999753698202 -0.00119632889374 -0.908619422431 0.0829842034035 0.00303196016483 0.996546250408 63.2587852979
0.996199300566 0.0226743082254 -0.084100114739 -4.50634155697 -0.0228879182011 0.999736794209 -0.00157654823168 -0.919807532548 0.0840422319612 0.00349543279256 0.996456062853 64.1293772601
0.995984868059 0.0247396525572 -0.0860354124127 -4.5729940892 -0.0248801725608 0.999690283058 -0.000561223758618 -0.941495031551 0.0859948813071 0.00269954627835 0.996291921496 64.9761338956
0.995823679905 0.0253566916813 -0.0877053973698 -4.6364244122 -0.0254321339181 0.999676517856 0.000257316639236 -0.963142810118 0.0876835509385 0.00197429340867 0.996146423504 65.8021803379
0.995694998447 0.0253623025298 -0.0891528108208 -4.71835006099 -0.0253995089718 0.999677123085 0.000717303032681 -0.979150136372 0.0891422178929 0.00155022257629 0.996017701549 66.6298039395
0.99558184739 0.0251104070361 -0.0904779122525 -4.79684531048 -0.0250608206802 0.999684509529 0.00168424301814 -0.989950906361 0.0904916593611 0.000590648959028 0.995897038212 67.4439376804
0.995365118049 0.0279357310012 -0.0920210666378 -4.86591502304 -0.0276341977265 0.999607749313 0.00454957461999 -1.00347303993 0.092112067004 -0.00198555952822 0.995746666912 68.2283308618
0.995178619694 0.0295987702538 -0.0935062976663 -4.9340901105 -0.0289080929052 0.999543927745 0.00873262123352 -1.01820153485 0.0937221268879 -0.00598742920532 0.995580390337 69.0159472401
0.994922757211 0.0330805200707 -0.0950493891377 -5.02170500978 -0.0322271246387 0.999425416779 0.0104999397206 -1.02979899932 0.0953421188202 -0.00738346046683 0.995417181332 69.800335946
0.994748070872 0.035743641746 -0.095909684448 -5.12678147151 -0.0352953032141 0.9993566409 0.00636756308068 -1.03759147159 0.0960755799733 -0.00294895969691 0.995369673322 70.5532773879
0.994614605795 0.0357476537959 -0.0972825328013 -5.20914174236 -0.0359833184174 0.999352167071 -0.000668555519376 -1.05778901805 0.0971956106818 0.00416550343859 0.99525658091 71.28551788
0.994471944424 0.035116108319 -0.0989566101421 -5.27880719838 -0.0359298941964 0.999333478487 -0.00645302083585 -1.07005971018 0.0986640484539 0.00997284871047 0.995070825535 71.9883584047
0.994373433262 0.0362158982723 -0.0995483999642 -5.3519552348 -0.0371566226901 0.999280465896 -0.00761156155854 -1.08256311016 0.0992011119563 0.0112676169363 0.995003608132 72.6848976191
0.994192647012 0.0388095111077 -0.100373315554 -5.42634052063 -0.0393995473643 0.999215917547 -0.00390202348 -1.10028738889 0.100143178975 0.00783402625257 0.994942195174 73.362615796
0.994070272443 0.0390898006459 -0.101470591457 -5.51108497965 -0.0394477601822 0.99922047386 -0.00152277211381 -1.12205722993 0.101331967621 0.0055165300474 0.994837373762 74.0275379374
0.994091650284 0.0359189355476 -0.1024286137 -5.58745859729 -0.0365829580408 0.999319981502 -0.00461104672817 -1.14117087061 0.102193336458 0.00833094472871 0.994729670485 74.6697566897
0.994335932409 0.0278324890008 -0.102573905432 -5.64520730239 -0.0289886332423 0.999531722885 -0.00979765737529 -1.15846784879 0.102253179228 0.0127156401065 0.994677133463 75.2882387782
0.994533523138 0.0236976669834 -0.10169312629 -5.70283871417 -0.0252846662038 0.999577362763 -0.0143450865107 -1.17856063753 0.101310201905 0.0168379461806 0.994712383837 75.88591154
0.994785292602 0.0264113782917 -0.0985122363913 -5.76997139813 -0.0279818451801 0.999501889032 -0.0145941824409 -1.19605438858 0.0980777138926 0.0172746321968 0.995028818236 76.469349858
0.995023567114 0.0315021597973 -0.0945289099489 -5.82968945095 -0.0327642295675 0.999393111282 -0.01182854099 -1.20983441974 0.0940989168315 0.0148668439559 0.995451842533 77.0472975632
0.995471516888 0.02996008967 -0.0902155867452 -5.87042353774 -0.0308943980527 0.9994823361 -0.00897752715393 -1.22359668273 0.0898999178742 0.0117240288213 0.995881796156 77.6107158422
0.996063502353 0.0265312762092 -0.0845789019916 -5.90494520859 -0.0270261451369 0.999623625311 -0.00471117811256 -1.24209286702 0.0844220750659 0.00697847425175 0.996405647384 78.1537514764
0.996827952753 0.022362366386 -0.0763803455037 -5.93356998298 -0.0225439348529 0.999744704292 -0.00151566552611 -1.2571986244 0.0763269520614 0.00323277129652 0.997077602586 78.6772353509
0.997487790713 0.0262708709669 -0.0657871470444 -5.96544802694 -0.0264657235487 0.999647532451 -0.00209197056055 -1.26655785327 0.0657090013213 0.00382781953942 0.997831486246 79.1970044835
0.99822029833 0.0315030824941 -0.0506338996559 -5.9950510286 -0.0316892290774 0.999493628032 -0.00287754820855 -1.27884930622 0.0505176084299 0.00447697627647 0.998713135951 79.7048188943
0.9987860092 0.0368304912135 -0.0327112021181 -6.00516105471 -0.0369433142466 0.999313295342 -0.00285119021306 -1.28559657288 0.0325837284471 0.0040561891136 0.999460778605 80.1993496969
0.999322236979 0.0352332465142 -0.0106623177119 -5.99038196298 -0.0352653157401 0.999373964904 -0.00283474463057 -1.29384068502 0.0105557654704 0.00320883334611 0.99993913775 80.6777140346
0.999374522099 0.0318280494723 0.01541232773 -5.95533994755 -0.0317942972009 0.999491479314 -0.00243011184134 -1.3057790261 -0.0154818359624 0.00193856773168 0.999878269946 81.1544139635
0.998514013831 0.0308622823071 0.0449141816596 -5.90914110716 -0.0308265851741 0.999523641247 -0.00148735859007 -1.31859063366 -0.0449386896767 0.000100597549324 0.998989741714 81.6156795869
0.996482163936 0.0304821141593 0.0780649580374 -5.85154224227 -0.0305255700519 0.999533783309 -0.000636864343324 -1.33052697169 -0.0780479758226 -0.0017483533862 0.996948071231 82.0666524395
0.99281821716 0.0311454727894 0.115507346951 -5.77180781109 -0.0312262199811 0.999511725452 -0.00111079685313 -1.33591236914 -0.115485543947 -0.00250403847397 0.993306004679 82.5151102971
0.987096675937 0.0315397966305 0.156988514174 -5.66645088051 -0.0315653131067 0.999498972638 -0.00233124498823 -1.34151815782 -0.156983385626 -0.00265422742539 0.98759767705 82.9487131618
0.97882904664 0.0310489495183 0.202310800968 -5.5531821805 -0.031070859374 0.999512474738 -0.00306831226408 -1.36021204853 -0.202307437214 -0.00328261727848 0.979316560297 83.3672310422
0.967134168052 0.0332916732485 0.252077697306 -5.43788020516 -0.0328299260625 0.999442710813 -0.00603852282679 -1.37396968592 -0.25213824966 -0.00243563041423 0.967688157808 83.7676414153
0.951543296016 0.0347924027178 0.305540250245 -5.28805892763 -0.0332446163086 0.999394486531 -0.0102691664021 -1.38213708379 -0.305712530482 -0.000386011940653 0.952123783812 84.1544422067
0.931573385622 0.0349333362396 0.361871094756 -5.1237371204 -0.0322939958536 0.999389369293 -0.0133411534914 -1.39768805735 -0.362116176155 0.000741999892449 0.932132675322 84.5166996892
0.907030932444 0.0353433749761 0.419578042126 -4.93719064495 -0.0315153593493 0.999374331784 -0.016053881034 -1.41500055026 -0.419882923819 0.0013382139109 0.907577291182 84.8637493012
0.877778374583 0.0355822433249 0.477743685541 -4.72228632417 -0.0299465859122 0.999363019699 -0.0194102254224 -1.42398811279 -0.478130031588 0.00273108379852 0.878284813756 85.1928607017
0.844253904838 0.0339261510446 0.534868545011 -4.48615407599 -0.0259442140961 0.999411489216 -0.0224404317514 -1.44165711167 -0.535315086581 0.00506867808738 0.844637239637 85.4943354521
0.807372965062 0.0335518202412 0.589086725911 -4.22822165682 -0.0234935655323 0.999418233521 -0.0247234076283 -1.45705185892 -0.589573530329 0.00612126332392 0.807691514423 85.7758301943
0.767104266767 0.0327128498224 0.640687843934 -3.95668649661 -0.0219354842677 0.999452556692 -0.0247673464801 -1.4727975781 -0.641147314147 0.0049453390403 0.767401892872 86.043426764
0.724317085695 0.0323646131555 0.688706970478 -3.66622727786 -0.0224482820224 0.999475063057 -0.0233596438698 -1.49003178101 -0.689101468584 0.00145950086657 0.724663394862 86.2886561783
0.679021599522 0.0314495676589 0.733444334682 -3.35905469948 -0.0201590761809 0.999503989257 -0.0241947743587 -1.50077864895 -0.733841453606 0.00164321416783 0.679318791744 86.5139671539
0.632352360161 0.0303413571771 0.774086490415 -3.03885422798 -0.0157790254993 0.999529871087 -0.0262880040723 -1.5157656603 -0.774520183696 0.00440895094812 0.632533830082 86.7206778057
0.585433372567 0.027787375593 0.810244178036 -2.70339839816 -0.00884156922001 0.999571839908 -0.0278919973424 -1.53085991225 -0.810672309221 0.00916507608655 0.585428397366 86.9044072281
0.538231780756 0.0300411988852 0.842261287579 -2.37087719401 -0.00956212137086 0.999517872147 -0.0295396190471 -1.54617658137 -0.842742615524 0.00784535710478 0.538259541813 87.0759962668
0.490278781867 0.0330676962412 0.870938139891 -2.03372595578 -0.0121958066452 0.999442451239 -0.0310813281936 -1.56344477992 -0.871480337329 0.0046167225715 0.490408714769 87.2372033812
0.444378030445 0.0354640169088 0.895137123329 -1.68635936203 -0.01163255919 0.999360296164 -0.0338183680582 -1.57680369304 -0.895763835854 0.00461540422031 0.44450629739 87.3778337095
0.401854383326 0.0331339989881 0.915103924542 -1.33400018084 -0.00341565431726 0.999392423646 -0.0346859750496 -1.59127631732 -0.915697214098 0.010813032443 0.401723400392 87.4894415883
0.362606459788 0.0256874041563 0.931588274179 -0.959042494544 0.0127845258258 0.999388889802 -0.032533103745 -1.60233677099 -0.931854662069 0.0237066279251 0.362056466001 87.5813165438
0.327303297045 0.0221394627381 0.944659936662 -0.588933029176 0.0179664756366 0.999398940233 -0.0296473272794 -1.6135316732 -0.944748515478 0.026675877704 0.326708800083 87.67082828
0.293905565066 0.0262940987665 0.955472730743 -0.21847951234 0.0163245374572 0.999337672294 -0.0325227030163 -1.62931125524 -0.955695049846 0.0251562537898 0.293281664267 87.7691482907
0.262255526144 0.0341355665166 0.964394526169 0.146009732638 0.00572211824249 0.999301576001 -0.0369271927429 -1.65407531753 -0.964981500532 0.015202739873 0.261877032843 87.8674182319
0.233826132478 0.0383913007297 0.971520173645 0.533944205267 0.00238778089688 0.999194439414 -0.0400595899489 -1.67706096388 -0.972275495049 0.011686756298 0.233546101347 87.9548311955
0.208193217889 0.0402322203587 0.97725992063 0.938951112122 0.00461833235824 0.999102082874 -0.0421153060359 -1.70109524817 -0.978076814484 0.0132814321998 0.207820471868 88.024660705
0.185085487372 0.0418124349712 0.981832512522 1.36006743523 0.0122794309756 0.998918044139 -0.0448548399723 -1.72126416297 -0.98264570316 0.0203583244843 0.184371800135 88.0714383354
0.165153367488 0.048248946498 0.985087003452 1.77549859876 0.020162868291 0.998428749681 -0.052282794049 -1.72980622298 -0.986061774916 0.0284968590046 0.163921033053 88.1142534166
0.145373405356 0.0553106563017 0.987829592751 2.21846588294 0.0229693522882 0.997978335775 -0.0592591780173 -1.73728640215 -0.989110197031 0.0313045144236 0.143809059194 88.1725470833
0.128180409528 0.0561346570583 0.990160937873 2.61655076902 0.0219835186484 0.997990713985 -0.059424403296 -1.75153225339 -0.991507189848 0.0293842657931 0.126688821143 88.203119043
0.113682147443 0.0517165782182 0.992170229794 3.03379004382 0.0208450851425 0.998300282495 -0.054424520174 -1.77646823316 -0.993298470641 0.0268689692429 0.112410883431 88.1865042406
0.0992812778857 0.048585923167 0.993872545114 3.50050621655 0.0224378017702 0.998443970482 -0.0510507870637 -1.80040428554 -0.994806399715 0.0273687025289 0.0980366319739 88.2312139823
0.0863365814079 0.0462103580793 0.995193748733 3.94940144711 0.025380586393 0.998497474526 -0.0485656174628 -1.82378076268 -0.995942679347 0.0294515903032 0.0850340125096 88.2459452928
0.0747492516024 0.0458136629067 0.996149415337 4.48029342667 0.0298054279888 0.998395151093 -0.0481534914313 -1.83957253239 -0.99675683386 0.0332900971114 0.0732637945169 88.2841833366
0.0654034445174 0.0456072906331 0.996816113677 4.88939778007 0.0330799242472 0.998306808592 -0.0478459458031 -1.89554118181 -0.997310437154 0.0361038911905 0.0637840182478 88.2590984953
0.0577312743574 0.0462032261691 0.997262433792 5.43062245107 0.0363806930854 0.99816762292 -0.0483512329116 -1.92166382679 -0.997669055916 0.0390724768221 0.0559445835026 88.2840210075
0.0525933257332 0.0466236308224 0.997527031783 5.99637733762 0.0389280044117 0.998054533013 -0.0487007146234 -1.94980938555 -0.997856980013 0.0413930692417 0.0506760422479 88.2961837388
0.047986603283 0.0477257355025 0.997707141438 6.49623556326 0.0407002470962 0.997934856605 -0.0496941833598 -1.96468707621 -0.998018424575 0.0429915822485 0.0459450548384 88.2697487144
0.0421501853668 0.0483134329615 0.99794247032 7.05898989149 0.041780424636 0.997871196074 -0.0500746658901 -2.00158776708 -0.998237325485 0.0438051166217 0.0400419001419 88.2856462002
0.0382306058872 0.0484092736445 0.99809566826 7.62675764779 0.0446458679303 0.997745707321 -0.050102395136 -2.0261685744 -0.998271089059 0.0464762923094 0.0359831488745 88.2864897053
0.0354751901873 0.0481221948997 0.998211282865 8.18053571459 0.0456797540115 0.997717946774 -0.049721813711 -2.07115085679 -0.998326034397 0.0473619366506 0.0331960238896 88.2821420297
0.0322483131096 0.0479348341307 0.998329754129 8.8020876457 0.0462213441105 0.997709084037 -0.0493980867818 -2.10043444881 -0.998410553655 0.0477371480708 0.0299588224711 88.299524908
0.0297240639679 0.0473900060133 0.998434107666 9.45298576734 0.0484405932304 0.997633521465 -0.0487941162056 -2.13559611739 -0.998383688243 0.0498150999082 0.027358122604 88.3239906259
0.0293925301192 0.0471112814854 0.998457112915 10.0459732206 0.0518730827613 0.997470812657 -0.0485917810074 -2.16701247481 -0.998221048896 0.0532212838386 0.0268743835005 88.3107530997
0.0301363025784 0.0471205262958 0.998434504246 10.7679516471 0.055770762645 0.997252848062 -0.0487481186015 -2.19863876153 -0.997988689966 0.0571525418051 0.0274255658886 88.3495967176
0.0323731039531 0.0473913433427 0.998351662851 11.4860876602 0.0572161612883 0.997149284278 -0.0491895898607 -2.23282507888 -0.997836806812 0.0587142694701 0.0295692666924 88.3806582521
0.0360001140249 0.0472346145342 0.998234883672 12.1869283956 0.058950349466 0.997042604465 -0.0493041699942 -2.28111126645 -0.997611571749 0.0606212509833 0.0331091504147 88.4039193074
0.0406215983357 0.0467658400938 0.998079576962 12.9115640317 0.0594812078613 0.997019326791 -0.0491370320297 -2.32028321238 -0.997402562489 0.061363003558 0.0377188299704 88.423145585
0.0444326811888 0.0452470016935 0.997987197152 13.6388333777 0.0610703140765 0.996982471356 -0.0479204397629 -2.35796527487 -0.997143998418 0.0630766251968 0.0415353556961 88.4595463655
0.0481131013517 0.0441441496995 0.997865934645 14.4117368123 0.0608863076828 0.997035507709 -0.047043106865 -2.39040154123 -0.996984446727 0.0630197620915 0.0452826961527 88.5086765356
0.0520373990661 0.041802614815 0.997769838436 15.1984215476 0.0571531758837 0.997361267332 -0.0447662474755 -2.44736790515 -0.997008336768 0.0593552341522 0.0495109340843 88.5578616526
0.0556935862792 0.0406272524552 0.997620995572 15.9806589802 0.0546786220533 0.997548287183 -0.0436768019599 -2.50248694888 -0.99694958385 0.0569810591077 0.0533355994178 88.6066564428
0.0598553339985 0.0414230205767 0.997347217552 16.7598798543 0.051103569646 0.997701237099 -0.0445046813409 -2.55508102258 -0.996898071099 0.0536318455596 0.0576008765602 88.6461206954
0.0631142843537 0.0457567156364 0.996956824584 17.5535130846 0.0488983196999 0.997606881176 -0.0488821538016 -2.59475229946 -0.996807675252 0.0518346756904 0.0607258178621 88.6952623707
0.0643658814611 0.0507398732851 0.996635589653 18.3433837903 0.0425737056465 0.997657652936 -0.0535414523994 -2.65179500119 -0.997017809716 0.0458767130091 0.0620549297979 88.7479549582
0.0641900203817 0.0541240879158 0.996468877783 19.1655038502 0.0404820127063 0.99756500861 -0.0567913747335 -2.6922484714 -0.997116266004 0.0439845052735 0.06184266622 88.8086600948
0.0642595695712 0.0537767008844 0.99648320315 19.9769289274 0.0373549092344 0.997717545804 -0.0562521959621 -2.74829653646 -0.997233833398 0.0408382815072 0.0621040762666 88.8611638936
0.0639161452559 0.0518058623398 0.996609692409 20.7844621278 0.0342860838392 0.997948110771 -0.0540743253596 -2.81122916034 -0.997366126771 0.0376260659032 0.0620087762663 88.9242255314
0.0634736854214 0.0506118937074 0.996699316481 21.608341293 0.0352765969035 0.997975296578 -0.0529232381073 -2.86595726881 -0.997359841266 0.0385193929886 0.0615597546605 88.9867156283
0.0640276501149 0.0501843911573 0.996685500499 22.4133310156 0.0327406321483 0.998091500041 -0.052358462085 -2.91544494716 -0.997410903804 0.0359845026303 0.0622623846568 89.0382255403
0.0642154983268 0.0506835680547 0.996648155421 23.2239116186 0.0309784748221 0.99812688064 -0.0527547556219 -2.96781238638 -0.997455113713 0.0342623127106 0.0625251153968 89.0917899252
0.0642911525299 0.0514238520272 0.99660535577 24.0288652358 0.0282851874278 0.99817628843 -0.0533295920445 -3.01928741316 -0.997530248102 0.031617790216 0.0627193707183 89.1475132385
0.0626189427532 0.0527187796427 0.996644168338 24.8487510266 0.0248113570804 0.998213060995 -0.0543606605737 -3.07661152783 -0.997729053686 0.0281321014352 0.0611990220555 89.2151429895
0.0599573236518 0.0526947130556 0.996809102364 25.6518804925 0.0224253624864 0.99828250985 -0.0541214711961 -3.12364326669 -0.997949007945 0.0255987840153 0.0586726494976 89.2638914248
0.0561332993791 0.0514740555032 0.997095519151 26.4533459599 0.0198076242107 0.998416177076 -0.0526573392473 -3.17807431437 -0.998226783213 0.022705923534 0.0550248154247 89.3080512333
0.0511855288358 0.0491846064787 0.997477275993 27.2568817855 0.0179222041707 0.998580443131 -0.0501586801376 -3.22943372088 -0.998528335219 0.0204443899646 0.0502313715074 89.3527726474
0.0447831404964 0.0472498987517 0.997878708759 28.077761274 0.0157918768579 0.99872256109 -0.0479985686759 -3.28050942199 -0.99887190718 0.0179079043325 0.0439797681876 89.3967230878
0.0371328934861 0.0477391096018 0.998169387246 28.9017137718 0.0156934536271 0.998707226401 -0.0483486447289 -3.32913801632 -0.999187101465 0.0174600500657 0.036335697559 89.4337842338
0.0287768850999 0.0487094618787 0.998398356974 29.6969730848 0.0158941423477 0.998663433535 -0.0491805119776 -3.37948838087 -0.999459487485 0.0172839475478 0.0279642277596 89.4494928612
0.0188366580114 0.0494545572929 0.998598731763 30.502806997 0.0163035366449 0.998627951159 -0.0497635394362 -3.42296324507 -0.999689639342 0.0172180697906 0.0180045290095 89.4619665893
0.00880169128517 0.0488320728062 0.998768220808 31.2972344122 0.0182547840877 0.998632617083 -0.0489863139603 -3.46426385878 -0.999794625455 0.0186634606372 0.00789823705724 89.4631302215
-0.00198620129624 0.0481311893609 0.998839047903 32.0927797055 0.017003091591 0.998698247553 -0.0480905937805 -3.51098027341 -0.999853464204 0.0168878342165 -0.00280199477493 89.4607755139
-0.0129013396215 0.04731827046 0.998796544205 32.8795145746 0.0184322369856 0.998721204861 -0.0470766141606 -3.56242387987 -0.999746872001 0.0178027032157 -0.013757023026 89.4461135018
-0.0241040160683 0.047658067956 0.998572834083 33.6484855659 0.0187563537754 0.998708788626 -0.0472118069455 -3.61169209445 -0.999533488985 0.0175915911933 -0.0249667842714 89.4277125561
-0.0349474410319 0.048328805451 0.998219917117 34.4257636172 0.0198110997602 0.998667282857 -0.0476568827841 -3.65984528146 -0.999192772538 0.0181103482597 -0.0358583127643 89.3958271423
-0.0459440165054 0.049673725488 0.997708208017 35.2066005446 0.0196220028363 0.998615063141 -0.048815291386 -3.70537002787 -0.998751282528 0.0173342627344 -0.0468550849259 89.3678294211
-0.0564120211488 0.050908331828 0.997108833388 35.9864066004 0.020897315788 0.998540608292 -0.0497991544632 -3.75018124179 -0.998188852904 0.0180276272115 -0.0573935413994 89.3277926857
-0.0661402398992 0.0515934438419 0.996475581848 36.7566822908 0.0216493565698 0.998501426873 -0.0502613757613 -3.79862531845 -0.997575447786 0.0182487557341 -0.0671580887754 89.2805238325
-0.0764841583086 0.0518822268158 0.995720045027 37.5364962184 0.0216318591698 0.998496569856 -0.0503652921535 -3.85151260623 -0.996836113008 0.0176871288083 -0.0774914787434 89.2394601978
-0.0858316427805 0.0525626373239 0.994922156882 38.2897254363 0.0232571769197 0.99844095372 -0.0507421487089 -3.89404087761 -0.996038168355 0.018783798642 -0.0869202858327 89.175791391
-0.0943355330934 0.0524436702153 0.994158170841 39.0207226236 0.0245537717276 0.998430310211 -0.0503391293701 -3.93162798708 -0.995237619611 0.0196615641834 -0.0954751454774 89.1037677555
-0.101712239841 0.0514646622979 0.993481760679 39.7513254274 0.0273159418888 0.998428889916 -0.0489243405757 -3.97964306935 -0.994438766132 0.0221616857796 -0.10295824444 89.0264930671
-0.106879643329 0.0500640716018 0.993010740413 40.4740163203 0.0304754885812 0.998427204106 -0.0470570153816 -4.02143119834 -0.993804802986 0.0252330504604 -0.108237270507 88.944778342
-0.110566411879 0.048753014459 0.992672258172 41.1803970244 0.0343095144713 0.998388055601 -0.0452122511055 -4.06220406403 -0.993276359218 0.0290591468293 -0.112060877226 88.8618515612
-0.113249459428 0.0477183913727 0.992420029556 41.8875718579 0.0361932806934 0.998381211924 -0.043874845972 -4.10378883709 -0.992907148918 0.0309501341066 -0.114793217687 88.7779241148
-0.115133486993 0.0472389041917 0.992226166811 42.5843220164 0.036953917979 0.99838087331 -0.0432439562888 -4.13857718915 -0.992662424049 0.0316878169061 -0.116692733882 88.6998083407
-0.115888464133 0.0477421634804 0.992114181789 43.2409749763 0.0376787821068 0.998336531071 -0.0436403495493 -4.17761267944 -0.992547315376 0.0323242409972 -0.117494553849 88.6229322414
-0.114854284338 0.0486894855853 0.992188403159 43.8578795931 0.0380050766821 0.998282237135 -0.0445891149006 -4.21927425475 -0.992655079832 0.0325869454639 -0.116507439547 88.5532239996
-0.111538037874 0.0507070273149 0.992465648518 44.4821874031 0.0396447398649 0.998129368475 -0.0465409323975 -4.24960640657 -0.992969063319 0.0341549581799 -0.113339658211 88.4731932396
-0.106486027991 0.0512330293739 0.992993405086 45.0975289625 0.0394243455823 0.998103886611 -0.0472689380749 -4.28970979542 -0.993532307888 0.0341146337001 -0.108303947062 88.4137067869
-0.0983928705488 0.051851218709 0.993795901654 45.693609915 0.0383079612426 0.998098820591 -0.0482829622142 -4.32894224198 -0.994410047782 0.0333195956328 -0.100192122526 88.3562280618
-0.0871571171454 0.0517163520939 0.994851273235 46.2371182409 0.0364757458642 0.998147582327 -0.0486921334447 -4.37021119776 -0.995526572671 0.0320440762365 -0.0888820582772 88.3111363199
-0.073290385259 0.0521036936603 0.995948655572 46.8036581224 0.0358500899374 0.998126568354 -0.0495794775889 -4.40868314588 -0.996666087755 0.0320711498618 -0.0750210028356 88.2741175661
-0.0560402909902 0.0535421882816 0.996991835403 47.3506994385 0.0344296997031 0.99807080806 -0.0516648611397 -4.44414224161 -0.997834696512 0.0314308156471 -0.0577756199765 88.2552167901
-0.0347658896191 0.0564768283026 0.99779842693 47.8910961311 0.0321038912384 0.99794982639 -0.0553668147488 -4.4764948491 -0.998879709017 0.0301083356059 -0.036507739463 88.2518122737
-0.00988741479112 0.0595719946156 0.998175043009 48.4078013384 0.0293447277148 0.997811197596 -0.0592596060281 -4.51867838722 -0.999520448007 0.0287052505437 -0.0116138971553 88.256492104
0.0186358960657 0.061257683722 0.997947994418 48.9287186041 0.0269602297191 0.997727607039 -0.0617476166858 -4.56166426866 -0.999462780393 0.0280556293441 0.0169420267614 88.2780391765
0.0520869942472 0.0605955657937 0.996802449052 49.4440287083 0.0232645530924 0.997812875663 -0.0618726573743 -4.60271131396 -0.998371526837 0.0264129242473 0.0505633447568 88.3164190426
0.0904732824403 0.0581515093557 0.994199671658 49.9618430385 0.0209460908439 0.997961854265 -0.0602776800338 -4.64428540294 -0.995678585912 0.0262781162101 0.0890708379079 88.3757077413
0.132811634003 0.0544985471415 0.989641843412 50.4920215365 0.0167283663397 0.99822166406 -0.0572160044172 -4.68217788933 -0.991000116868 0.0241540423395 0.13166377864 88.4634727261
0.178649341375 0.0505732998551 0.982612209454 50.9705093368 0.0130488801485 0.998468523945 -0.0537618211878 -4.71529131911 -0.983826275088 0.0224265029 0.177715819258 88.5681872958
0.227187707341 0.0476636449799 0.972683875974 51.4617293038 0.00737942638227 0.998688616793 -0.0506615313102 -4.74899200081 -0.973823027916 0.0186875262047 0.226538046837 88.7060885677
0.2791867354 0.0461031294352 0.959129432471 51.9427695753 0.0018199165062 0.998819547976 -0.0485406889567 -4.78463573388 -0.960235103858 0.0152974519696 0.278773265007 88.8629010484
0.33467962438 0.0455440109072 0.941230732656 52.426178279 -0.000875333545516 0.998845960424 -0.0480206323973 -4.8198703596 -0.942331567346 0.0152476363789 0.334333257049 89.0458597656
0.393158764808 0.0465620510453 0.918290891307 52.8791574038 -0.000524101643889 0.998728155114 -0.0504162424153 -4.84283639432 -0.919470451386 0.0193403098286 0.392683131092 89.2605855279
0.45379130718 0.0503473104317 0.889684549636 53.3099271177 -0.00157406809517 0.998446349278 -0.0556992811647 -4.86937913533 -0.891106599593 0.0238754255444 0.453165524083 89.4947353323
0.513891105236 0.0536403998456 0.856176757138 53.7033579317 -0.00243943151358 0.99813051868 -0.0610697703803 -4.89536492137 -0.857851957585 0.0292946272347 0.513061247496 89.7605745355
0.57233128874 0.0580581985897 0.817964633407 54.0666965783 -0.0089133275028 0.997872003908 -0.0645911480711 -4.92130348916 -0.819974053566 0.0296767483535 0.571630861733 90.052372144
0.628236439563 0.060948354985 0.775631532385 54.4092541849 -0.0148051059627 0.997682889759 -0.0664052732769 -4.94919016025 -0.777881600786 0.0302349054268 0.62768309333 90.3743964202
0.681101473652 0.061499422955 0.72960167459 54.7208873077 -0.0181839529392 0.997579693091 -0.0671125903878 -4.98090180612 -0.731963200198 0.0324434416987 0.680571301663 90.7064282295
0.729988611767 0.0591734770989 0.680892889005 55.0139353076 -0.0202906638889 0.997682171159 -0.0649505528066 -5.01302296468 -0.683158045879 0.0335973951217 0.729497292245 91.0680874084
0.775036294561 0.0553548019486 0.629487559856 55.2835753395 -0.0239894834849 0.998015179612 -0.0582254750657 -5.0454251208 -0.631461199754 0.0300257750229 0.77482591983 91.451763127
0.815973545202 0.0501305274582 0.575911541599 55.5050115557 -0.02621685489 0.998416922586 -0.0497626889785 -5.07433481227 -0.577494458891 0.025506448429 0.815996060676 91.8101478836
0.851902428036 0.0478201403411 0.521512691393 55.7125619743 -0.0302577203656 0.998653231019 -0.0421449229824 -5.09684303719 -0.522825710409 0.0201235770348 0.852202040705 92.226169616
