1 5.09625290236e-23 1.11298242451e-22 1.03819200084e-24 -5.09625290236e-23 1 2.45098992294e-23 -8.13935606971e-26 -1.11298242451e-22 -2.45098992294e-23 1 1.06195142961e-24
0.999991566206 -0.00215472373339 -0.00349638121447 -0.00258306130651 0.00214621164775 0.999994728681 -0.00243647004874 -0.000241848040262 0.00350161270377 0.00242894552597 0.999990919425 0.681122146922
0.999970839224 -0.00129587377064 -0.00752604892176 -0.0184525885166 0.00127004701369 0.99999329243 -0.00343541486544 -0.0155746159009 0.00753045030428 0.00342575625011 0.999965777671 1.373811188
0.999935402683 -0.0011745984751 -0.0113053429238 -0.036956478305 0.00111866266268 0.999987109174 -0.00495278505552 -0.0184321631549 0.0113110147224 0.00493981825388 0.99992382667 2.08248653714
0.999860058006 0.000225899695782 -0.0167276230898 -0.0431789668968 -0.000324528904568 0.999982579291 -0.00589370817166 -0.0184404795254 0.0167260002958 0.00589831199158 0.999842713045 2.81448829288
0.999778198412 -0.000768923471192 -0.0210466799504 -0.0681751471328 0.000640076329571 0.999981018645 -0.00612802193324 -0.0271826154431 0.0210509924358 0.00611319124659 0.999759713436 3.55911758241
0.999663753377 0.000681125130053 -0.0259213474458 -0.0883021010451 -0.000859948338544 0.99997590656 -0.0068881629239 -0.0471400138272 0.0259160312105 0.00690813782205 0.99964025377 4.32104892541
0.999510721166 0.00323926077016 -0.0311098933486 -0.11300418007 -0.00348059452996 0.999964247467 -0.00770644205255 -0.0515888608273 0.0310838179157 0.00781095237818 0.999486260679 5.09335187361
0.99935609936 0.00319460877921 -0.0357376712509 -0.145356208405 -0.00341334558533 0.999975804649 -0.0060612859711 -0.0604176816914 0.035717443128 0.00617936812758 0.999342823893 5.89383363483
0.999188502673 0.00212367858039 -0.0402222092305 -0.182584116061 -0.00226525253734 0.999991398038 -0.00347454754567 -0.0640520103348 0.0402144844184 0.00356284142115 0.99918471836 6.68881959325
0.999054534355 0.00158801486015 -0.0434455474446 -0.234901507839 -0.0016364290093 0.99999807912 -0.00107882199416 -0.0674073332023 0.0434437508056 0.00114889755919 0.999055213965 7.50727698578
0.998929417531 0.00361577520402 -0.0461188135318 -0.285990608267 -0.00369433244121 0.999991866562 -0.00161824541032 -0.0850392680075 0.0461125872157 0.00178689117414 0.998934650676 8.33573679819
0.998844578898 0.00292474265344 -0.0479682508237 -0.348350727555 -0.0030100942299 0.999994012391 -0.00170719508995 -0.0936503770486 0.0479629705023 0.00184961151574 0.998847401958 9.16836582013
0.998741877813 -2.17228737112e-05 -0.0501463959922 -0.384340671149 -8.55541941746e-05 0.999997712675 -0.00213713026526 -0.105263602222 0.0501463277157 0.00213873172876 0.998739591507 10.0099662904
0.998640681479 -0.000149812117024 -0.0521226136231 -0.432489279034 8.50571284672e-05 0.999999221899 -0.00124457480561 -0.115830507992 0.0521227595189 0.00123844963218 0.998639917179 10.8449185029
0.998568026792 -0.00130380431499 -0.0534807999487 -0.489253669618 0.00123054833658 0.999998259135 -0.00140266826575 -0.132307575186 0.0534825356507 0.00133484897296 0.998567892814 11.706070222
0.998459317525 0.00104396636743 -0.0554788372346 -0.545812097997 -0.00124812278322 0.999992576685 -0.00364537569028 -0.142663287299 0.0554746197481 0.00370900372458 0.998453208646 12.5750813554
0.998398660544 0.00185159622439 -0.0565392449113 -0.605637795027 -0.0022120804854 0.999977620403 -0.00631390475401 -0.155684647832 0.0565262887836 0.00642886340953 0.998380412664 13.4362801844
0.99827621781 0.00601518383162 -0.0583815940038 -0.663263276219 -0.00647139611221 0.999949963043 -0.00762839713992 -0.173926556227 0.0583327865554 0.00799305786526 0.998265193743 14.3139189418
0.998191531959 0.00698539020529 -0.0597065310378 -0.713764608705 -0.00744242298605 0.999944658806 -0.0074357020708 -0.184929929423 0.0596512855267 0.00786661610026 0.998188279077 15.1967897161
0.998105476319 0.00570910110748 -0.0612606260642 -0.775770453329 -0.00609134860933 0.999963117048 -0.00605475147732 -0.195295414329 0.0612237994031 0.00641644043664 0.998103439368 16.0994225115
0.998023110095 0.00546302220194 -0.0626101198258 -0.850510393082 -0.00576963164873 0.99997222849 -0.00471737216648 -0.199224552078 0.0625826099393 0.00506928376995 0.998026913112 17.0231796272
0.99795722434 0.00497698560184 -0.0636915065062 -0.915391434741 -0.0052855649892 0.999975092388 -0.00467732897244 -0.211575476902 0.063666641104 0.00500441983556 0.99795867379 17.9403765021
0.997842288184 0.00407269999551 -0.0655300009622 -0.975864982874 -0.004434023842 0.99997575432 -0.00536937648508 -0.223227893249 0.0655065442832 0.00564835250463 0.997836153269 18.8466839319
0.997766656895 0.00285028971517 -0.0667351049806 -1.02632951853 -0.00327386571681 0.999975180393 -0.0062386217779 -0.235334879106 0.066715666762 0.00644317056727 0.997751224184 19.7424615044
0.997749005635 0.00395854493846 -0.0669421517159 -1.1199295352 -0.00431970514925 0.999976882141 -0.00525122188217 -0.237704853544 0.0669198169589 0.00552857176878 0.997743039561 20.7019376521
0.997754994442 0.00442186131734 -0.0668237847459 -1.20193083088 -0.00454914111516 0.999988116675 -0.0017526618343 -0.247675449784 0.0668152406296 0.0020527179254 0.997763253467 21.6504741535
0.997793533152 0.00499654024528 -0.066204983082 -1.26987213855 -0.00488645822604 0.999986396636 0.00182457349802 -0.254224444103 0.0662131990264 -0.0014970397529 0.997804375189 22.5963158984
0.997910235991 0.00413038882448 -0.0644833373195 -1.34995596877 -0.00384221469138 0.999982073739 0.00459234005184 -0.265665682445 0.0645011495244 -0.00433498431888 0.997908217033 23.5487695123
0.998025790932 0.00477441934066 -0.0626236820642 -1.43610831213 -0.00447254601579 0.999977698454 0.00495973054597 -0.26821882056 0.0626459652927 -0.00466985170124 0.998024887224 24.5161139956
0.998140461496 0.00655145146902 -0.0606027854897 -1.5171988659 -0.0064391027801 0.999977169592 0.0020489631815 -0.289077724958 0.0606148255862 -0.00165492549104 0.998159859011 25.4734306255
0.998197160863 0.00686383701031 -0.0596264688436 -1.59455545232 -0.00706465836474 0.999970058899 -0.00315783286058 -0.286590943042 0.0596030087114 0.00357338042779 0.998215764404 26.4454103118
0.998282763443 0.00620983164176 -0.0582491390753 -1.65876470112 -0.00657620314896 0.999959770057 -0.00610014907617 -0.298635931825 0.0582089148171 0.00647273184899 0.998283439699 27.3910298647
0.998353560967 0.0034832700416 -0.0572541189253 -1.73066791888 -0.00378400190506 0.999979604914 -0.00514500584663 -0.310382705383 0.0572350297779 0.00535318460326 0.998346380161 28.3684621793
0.998357176302 0.00315482883127 -0.0572101003408 -1.78484488287 -0.00319022740846 0.999994772122 -0.000527425907009 -0.330083330008 0.0572081373149 0.000709072669378 0.998362021634 29.3281097685
0.998312114169 -0.00112289641224 -0.0580660124952 -1.85254476034 0.0012811328259 0.999995566781 0.00268795770631 -0.333564083459 0.0580627367778 -0.00275781101525 0.998309127012 30.3336116088
0.9982188642 -0.00866905027779 -0.0590249669473 -1.92120651122 0.0087930651793 0.999959644358 0.00184164615482 -0.338528092477 0.0590066196338 -0.0023573763145 0.998254807961 31.3353411247
0.998147833376 -0.010250031254 -0.059965319858 -2.0058611602 0.0101425419186 0.999946365049 -0.00209663274346 -0.356394673496 0.0599835941722 0.00148454865995 0.998198259138 32.3341128973
0.998053838299 -0.00947715966436 -0.061633751311 -2.06901681414 0.00910410847755 0.999938516651 -0.00633072883338 -0.368529185177 0.0616899591894 0.00575728785357 0.998078755696 33.3372020979
0.997947283849 -0.0078813742569 -0.0635539345655 -2.1442865582 0.0074397102814 0.999946525478 -0.00718309793654 -0.38490166309 0.0636071487323 0.00669553021498 0.997952554236 34.3244213033
0.997920416333 -0.00769036554048 -0.0639976635835 -2.23869242171 0.00732478656193 0.999955500955 -0.00594504939441 -0.400543469745 0.0640405353516 0.00546391694058 0.997932340113 35.3514508125
0.997865540494 -0.00379214368225 -0.065191891678 -2.31128147466 0.00357432991896 0.999987635109 -0.003457425924 -0.416624308744 0.0652041966432 0.00321702885948 0.997866756369 36.3415098914
0.997815009901 -0.00252334449989 -0.0660215021633 -2.40338406268 0.00238168624363 0.999994690111 -0.00222425745592 -0.448153978737 0.0660267641642 0.00206215497191 0.997815721429 37.357173943
0.997737090846 -0.00125531820945 -0.0672244131651 -2.46335393049 0.00127887889327 0.999999134973 0.000307444602143 -0.461549789587 0.0672239690734 -0.000392720766049 0.997737833177 38.3337840868
0.997741484161 -0.00126749522731 -0.0671589475745 -2.53459064655 0.00150028478794 0.999993040275 0.00341592555236 -0.479177159734 0.0671541504973 -0.00350896817781 0.997736441759 39.3366744868
0.99768717018 0.00399964767115 -0.0678550902805 -2.60952559849 -0.00360439042719 0.99997582376 0.00594644981702 -0.487237581646 0.0678772335037 -0.00568812045271 0.997677466147 40.3135578621
0.997675945626 0.00359566248387 -0.0680424774028 -2.68341189486 -0.00324834322562 0.999981128969 0.00521440053652 -0.490285322547 0.0680599425955 -0.00498125666561 0.997668798398 41.3104085463
0.997719658693 0.00519673207278 -0.0672939568859 -2.77696601263 -0.00498899597034 0.999982258321 0.00325468329424 -0.506015347367 0.0673096766951 -0.00291153222575 0.997727883946 42.3212274578
0.99770918885 0.00841200762745 -0.0671238602266 -2.86373882319 -0.00835531373278 0.99996446057 0.00112531344757 -0.526067614901 0.0671309408281 -0.000561894655829 0.997744015797 43.3299935322
0.99764269921 0.00771712557556 -0.068187173904 -2.93461595452 -0.00766399440373 0.999970089554 0.00104076302265 -0.533046686435 0.0681931660941 -0.000515723511946 0.997672003279 44.3340735376
0.997575151164 0.00661549611175 -0.0692824147279 -3.01279393416 -0.0064866149249 0.999976787946 0.00208504118696 -0.549814518456 0.0692946001226 -0.00163057693186 0.997594907572 45.3347781347
0.9975149489 0.00744663157948 -0.0700605052756 -3.08896082581 -0.00724049240272 0.999968680595 0.00319579405572 -0.570059088808 0.0700821089232 -0.002680579788 0.997537624604 46.3263480856
0.997497345734 0.01054093106 -0.06991376135 -3.17666764841 -0.0105976609839 0.999943746166 -0.000440551467924 -0.58911375933 0.0699051846103 0.00118037126081 0.997552941897 47.2999102316
0.997427141934 0.0119382684159 -0.0706864504797 -3.25552228033 -0.0123061464288 0.999912893631 -0.00477115404346 -0.607328404949 0.070623333922 0.00562875635142 0.997487173756 48.2624454492
0.997360266028 0.0129528912834 -0.0714473397452 -3.32779720034 -0.0134438400077 0.999889178299 -0.00639486405119 -0.618012396096 0.0713565898507 0.00733850991581 0.997423873465 49.2270310781
0.997360455382 0.0122284422655 -0.0715722518895 -3.39292452502 -0.0124621494962 0.999918368777 -0.00281968288553 -0.640339060577 0.0715319290297 0.00370418430957 0.997431432304 50.200115975
0.997347356269 0.0110163510334 -0.0719506146835 -3.45299700715 -0.0110345760977 0.999939106815 0.000144194932871 -0.659969844544 0.0719478218834 0.000650132097916 0.997408185376 51.163164031
0.997315729644 0.0104026691834 -0.0724784097384 -3.5120639213 -0.0103926248356 0.999945862231 0.000515709235416 -0.679278859059 0.0724798506716 0.000238915988692 0.997369848234 52.1258461661
0.997318164447 0.00763368077662 -0.0727887751083 -3.57019299693 -0.0076980631849 0.999970187054 -0.000604008670137 -0.699375770997 0.0727819942511 0.00116272140815 0.997347196011 53.0683224557
0.997300777787 0.00529384285598 -0.0732334203338 -3.64374345263 -0.00545124183518 0.999983241432 -0.00194956869048 -0.717179972052 0.0732218723363 0.00234351945602 0.997312922471 54.0334682995
0.997217221291 0.00458246322804 -0.0744097748378 -3.70465598629 -0.00467113603927 0.999988572327 -0.00101769479031 -0.734718819071 0.0744042609583 0.00136244095184 0.997227230728 54.9632588453
0.997149209887 0.00233456923513 -0.0754188504853 -3.77240136392 -0.00212308783614 0.999993587082 0.00288414506457 -0.749929184813 0.0754251000667 -0.00271580212826 0.997147771746 55.9104463251
0.997103900126 0.00256754900058 -0.0760080261952 -3.83634229318 -0.00196717063568 0.999966282608 0.00797269639548 -0.774484401266 0.0760259336914 -0.00780008591324 0.997075331189 56.8528794563
0.997061871685 0.00547223663462 -0.076404703121 -3.91467912068 -0.00471266643724 0.999937704772 0.0101181693047 -0.791310970121 0.0764553124893 -0.00972837094492 0.997025548314 57.799052761
0.996945690925 0.00679442928737 -0.0778018320876 -3.9965011242 -0.00633210662388 0.999960809045 0.0061874711833 -0.804175363807 0.0778408232949 -0.0056759232376 0.996949642722 58.7337400662
0.996807493087 0.00907700107472 -0.0793248370772 -4.07533775411 -0.00924220154415 0.999955818107 -0.00171567596233 -0.816392806737 0.0793057591632 0.00244333478668 0.996847343719 59.6563969722
0.996705741553 0.0106726046107 -0.0803975140554 -4.15527360031 -0.0112419254103 0.99991481423 -0.00663199791964 -0.828609353858 0.0803198846397 0.00751397326066 0.996740817032 60.5736360093
0.996518465179 0.016219792742 -0.0817793793129 -4.22671415738 -0.016737687468 0.999843944602 -0.00565121763386 -0.85244075732 0.0816749556206 0.00700034041515 0.996634434915 61.4711633903
0.996390606046 0.0192036393906 -0.0826860352045 -4.30684389844 -0.0195100085032 0.999805459501 -0.00289874452069 -0.884444883465 0.0826142829775 0.00450148705967 0.996571430888 62.3450717655
0.99630442649 0.021985225718 -0.0830309557134 -4.42222024579 -0.0221610408029 0.999753698202 -0.00119632887896 -0.908619422594 0.0829842034793 0.00303196015512 0.996546250402 63.2587852967
0.996199300558 0.0226743082666 -0.0841001148152 -4.50634155805 -0.0228879182415 0.999736794209 -0.00157654821684 -0.919807532698 0.0840422320377 0.00349543278291 0.996456062847 64.1293772589
0.995984868051 0.0247396525987 -0.0860354124895 -4.57299409035 -0.0248801726013 0.999690283057 -0.00056122374368 -0.941495031689 0.0859948813842 0.00269954626886 0.99629192149 64.9761338944
0.995823679897 0.0253566917229 -0.0877053974472 -4.63642441342 -0.0254321339588 0.999676517855 0.000257316654248 -0.963142810243 0.0876835510162 0.00197429339925 0.996146423497 65.8021803367
0.995694998439 0.0253623025716 -0.0891528108989 -4.71835006227 -0.0253995090126 0.999677123084 0.000717303047772 -0.979150136485 0.0891422179712 0.00155022256689 0.996017701542 66.6298039383
0.995581847382 0.0251104070782 -0.0904779123311 -4.79684531182 -0.0250608207211 0.999684509528 0.00168424303329 -0.98995090646 0.09049165944 0.000590648949626 0.995897038205 67.4439376792
0.99536511804 0.0279357310436 -0.0920210667169 -4.86591502445 -0.0276341977676 0.999607749312 0.00454957463523 -1.00347304002 0.0921120670836 -0.00198555953739 0.995746666904 68.2283308606
0.995178619685 0.0295987702967 -0.0935062977459 -4.93409011197 -0.0289080929464 0.999543927743 0.00873262124885 -1.01820153493 0.0937221269681 -0.00598742921435 0.995580390329 69.0159472389
0.994922757202 0.0330805201139 -0.0950493892178 -5.02170501132 -0.03222712468 0.999425416777 0.010499939736 -1.02979899939 0.0953421189011 -0.00738346047556 0.995417181324 69.8003359448
0.994748070863 0.035743641789 -0.0959096845289 -5.12678147311 -0.0352953032555 0.999356640899 0.00636756309616 -1.03759147164 0.0960755800548 -0.00294895970541 0.995369673314 70.5532773866
0.994614605784 0.035747653839 -0.0972825328974 -5.20914174359 -0.0359833184583 0.999352167069 -0.00066855549123 -1.05778901841 0.0971956107787 0.00416550341803 0.995256580901 71.2855178788
0.994471944412 0.0351161083617 -0.0989566102391 -5.27880719968 -0.0359298942375 0.999333478486 -0.00645302080761 -1.07005971052 0.0986640485514 0.00997284868987 0.995070825526 71.9883584035
0.99437343325 0.036215898315 -0.0995484000619 -5.35195523616 -0.0371566227313 0.999280465894 -0.00761156153024 -1.08256311048 0.0992011120545 0.0112676169158 0.995003608122 72.6848976179
0.994192647 0.0388095111509 -0.100373315653 -5.42634052207 -0.0393995474056 0.999215917546 -0.00390202345164 -1.10028738919 0.100143179074 0.00783402623235 0.994942195164 73.3626157948
0.994070272431 0.0390898006895 -0.101470591556 -5.51108498115 -0.0394477602236 0.999220473859 -0.00152277208538 -1.1220572302 0.10133196772 0.00551653002722 0.994837373752 74.0275379362
0.994091650272 0.035918935591 -0.1024286138 -5.58745859885 -0.0365829580824 0.999319981501 -0.00461104669967 -1.14117087087 0.102193336558 0.00833094470822 0.994729670475 74.6697566885
0.994335932398 0.027832489044 -0.102573905532 -5.64520730402 -0.028988633284 0.999531722884 -0.00979765734675 -1.15846784903 0.102253179329 0.0127156400852 0.994677133453 75.288238777
0.994533523126 0.0236976670263 -0.101693126391 -5.70283871586 -0.0252846662458 0.999577362762 -0.0143450864821 -1.17856063776 0.101310202006 0.0168379461589 0.994712383827 75.8859115387
0.994785292591 0.0264113783347 -0.0985122364943 -5.76997139985 -0.0279818452224 0.999501889032 -0.0145941824125 -1.19605438879 0.0980777139956 0.0172746321755 0.995028818226 76.4693498567
0.995023567103 0.0315021598407 -0.0945289100524 -5.82968945272 -0.03276422961 0.999393111281 -0.0118285409617 -1.20983441993 0.0940989169353 0.0148668439351 0.995451842523 77.0472975619
0.995471516877 0.0299600897139 -0.0902155868493 -5.87042353958 -0.0308943980954 0.999482336099 -0.00897752712584 -1.22359668291 0.0898999179785 0.0117240288003 0.995881796147 77.6107158409
0.996063502343 0.0265312762537 -0.0845789020961 -5.90494521048 -0.02702614518 0.99962362531 -0.00471117808468 -1.24209286718 0.0844220751708 0.00697847423041 0.996405647375 78.1537514752
0.996827952744 0.0223623664311 -0.0763803456087 -5.93356998493 -0.0225439348963 0.999744704291 -0.00151566549855 -1.25719862454 0.0763269521669 0.00323277127473 0.997077602578 78.6772353496
0.997487790705 0.0262708710121 -0.0657871471502 -5.96544802894 -0.0264657235927 0.99964753245 -0.00209197053343 -1.2665578534 0.0657090014275 0.00382781951804 0.997831486239 79.1970044822
0.998220298324 0.0315030825394 -0.0506338997624 -5.99505103066 -0.0316892291218 0.999493628031 -0.00287754818207 -1.27884930634 0.050517608537 0.00447697625565 0.998713135946 79.704818893
0.998786009194 0.0368304912589 -0.0327112022253 -6.00516105682 -0.0369433142916 0.99931329534 -0.00285119018736 -1.28559657298 0.032583728555 0.00405618909335 0.999460778602 80.1993496956
0.999322236976 0.0352332465599 -0.0106623178197 -5.99038196514 -0.0352653157859 0.999373964903 -0.00283474460585 -1.29384068512 0.0105557655789 0.0032088333257 0.999939137749 80.6777140333
0.999374522099 0.0318280495183 0.0154123276216 -5.95533994976 -0.0317942972475 0.999491479313 -0.00243011181781 -1.30577902618 -0.0154818358534 0.00193856771089 0.999878269948 81.1544139622
0.998514013834 0.0308622823535 0.0449141815507 -5.90914110942 -0.0308265852215 0.999523641245 -0.00148735856791 -1.31859063374 -0.0449386895672 0.00010059752843 0.998989741719 81.6156795856
0.996482163943 0.030482114206 0.0780649579281 -5.85154224459 -0.0305255701002 0.999533783308 -0.000636864322744 -1.33052697176 -0.0780479757127 -0.00174835340714 0.996948071239 82.0666524382
0.992818217171 0.0311454728364 0.115507346842 -5.77180781345 -0.0312262200303 0.99951172545 -0.00111079683438 -1.3359123692 -0.115485543836 -0.00250403849484 0.993306004691 82.5151102958
0.987096675953 0.0315397966776 0.156988514065 -5.66645088292 -0.0315653131568 0.999498972637 -0.00233124497156 -1.34151815787 -0.156983385516 -0.00265422744622 0.987597677067 82.9487131605
0.978829046661 0.0310489495657 0.202310800859 -5.55318218296 -0.031070859425 0.999512474737 -0.00306831224974 -1.36021204858 -0.202307437105 -0.00328261729937 0.979316560319 83.3672310409
0.967134168078 0.033291673296 0.252077697198 -5.43788020766 -0.0328299261143 0.999442710811 -0.0060385228151 -1.37396968596 -0.252138249551 -0.00243563043487 0.967688157837 83.767641414
0.951543296049 0.0347924027652 0.305540250138 -5.28805893017 -0.0332446163611 0.999394486529 -0.0102691663933 -1.38213708384 -0.305712530374 -0.000386011961129 0.952123783847 84.1544422055
0.931573385661 0.034933336287 0.36187109465 -5.12373712299 -0.0322939959067 0.999389369291 -0.0133411534858 -1.39768805739 -0.362116176049 0.000741999872009 0.932132675363 84.516699688
0.90703093249 0.0353433750235 0.419578042022 -4.93719064758 -0.0315153594028 0.999374331782 -0.0160538810318 -1.4150005503 -0.419882923715 0.0013382138905 0.90757729123 84.8637493
0.877778374636 0.0355822433723 0.477743685439 -4.72228632684 -0.0299465859658 0.999363019697 -0.0194102254238 -1.42398811283 -0.478130031487 0.00273108377814 0.878284813811 85.1928607005
0.844253904898 0.0339261510919 0.534868544912 -4.48615407869 -0.0259442141497 0.999411489215 -0.0224404317564 -1.44165711172 -0.535315086483 0.00506867806681 0.844637239699 85.494335451
0.807372965129 0.0335518202885 0.589086725817 -4.22822165955 -0.0234935655856 0.999418233519 -0.0247234076369 -1.45705185898 -0.589573530235 0.00612126330331 0.807691514491 85.7758301932
0.76710426684 0.03271284987 0.640687843844 -3.95668649937 -0.0219354843204 0.999452556691 -0.0247673464922 -1.47279757816 -0.641147314058 0.00494533901958 0.767401892947 86.0434267629
0.724317085774 0.0323646132037 0.688706970393 -3.66622728065 -0.0224482820744 0.999475063055 -0.0233596438854 -1.49003178108 -0.689101468499 0.00145950084581 0.724663394943 86.2886561773
0.679021599607 0.0314495677073 0.733444334601 -3.3590547023 -0.0201590762319 0.999503989256 -0.0241947743776 -1.50077864903 -0.733841453526 0.00164321414695 0.679318791831 86.5139671529
0.632352360252 0.0303413572253 0.774086490339 -3.03885423083 -0.0157790255492 0.999529871086 -0.0262880040945 -1.51576566039 -0.774520183621 0.0044089509271 0.632533830174 86.7206778047
0.585433372663 0.0277873756408 0.810244177966 -2.70339840103 -0.00884156926859 0.999571839907 -0.0278919973675 -1.53085991235 -0.810672309152 0.00916507606522 0.585428397462 86.9044072272
0.538231780855 0.0300411989333 0.842261287513 -2.3708771969 -0.00956212141803 0.999517872146 -0.0295396190752 -1.54617658148 -0.842742615459 0.0078453570837 0.538259541914 87.0759962659
0.49027878197 0.0330676962898 0.870938139831 -2.03372595869 -0.0121958066908 0.999442451237 -0.0310813282243 -1.56344478005 -0.87148033727 0.00461672255078 0.490408714874 87.2372033804
0.444378030552 0.0354640169576 0.895137123274 -1.68635936496 -0.011632559234 0.999360296162 -0.0338183680914 -1.57680369318 -0.895763835801 0.00461540419989 0.444506297499 87.3778337087
0.401854383437 0.0331339990362 0.915103924492 -1.33400018379 -0.00341565435979 0.999392423644 -0.0346859750849 -1.59127631747 -0.91569721405 0.0108130324223 0.401723400503 87.4894415875
0.362606459899 0.0256874042008 0.931588274135 -0.959042497541 0.0127845257669 0.999388889802 -0.0325331037728 -1.60233677129 -0.931854662026 0.0237066278834 0.362056466113 87.5813165431
0.327303297158 0.0221394627824 0.944659936621 -0.588933032185 0.0179664755787 0.999398940233 -0.0296473273095 -1.61353167352 -0.944748515439 0.0266758776618 0.326708800197 87.6708282793
0.293905565181 0.026294098811 0.955472730706 -0.218479515361 0.0163245374003 0.999337672294 -0.0325227030487 -1.62931125557 -0.955695049812 0.0251562537481 0.293281664383 87.7691482901
0.26225552626 0.0341355665625 0.964394526136 0.146009729604 0.0057221181867 0.999301576 -0.0369271927772 -1.65407531787 -0.964981500501 0.0152027398322 0.26187703296 87.8674182313
0.233826132595 0.0383913007761 0.971520173615 0.533944202222 0.00238778084205 0.999194439413 -0.0400595899849 -1.67706096424 -0.972275495021 0.0116867562578 0.233546101466 87.954831195
0.208193218007 0.040232220405 0.977259920603 0.938951109063 0.00461833230331 0.999102082873 -0.0421153060732 -1.70109524854 -0.978076814459 0.0132814321588 0.207820471988 88.0246607045
0.185085487492 0.0418124350167 0.981832512498 1.36006743216 0.0122794309215 0.998918044138 -0.0448548400111 -1.72126416337 -0.982645703138 0.0203583244435 0.184371800256 88.071438335
0.165153367609 0.0482489465427 0.985087003429 1.77549859568 0.0201628682377 0.99842874968 -0.052282794089 -1.7298062234 -0.986061774896 0.0284968589646 0.163921033176 88.1142534162
0.145373405479 0.0553106563462 0.98782959273 2.21846587986 0.0229693522356 0.997978335774 -0.0592591780585 -1.73728640258 -0.989110197014 0.0313045143844 0.143809059318 88.172547083
0.128180409651 0.0561346571031 0.990160937855 2.61655076594 0.0219835185965 0.997990713984 -0.0594244033382 -1.75153225384 -0.991507189834 0.0293842657541 0.126688821268 88.2031190427
0.113682147567 0.0517165782635 0.992170229778 3.03379004074 0.0208450850912 0.998300282494 -0.0544245202172 -1.77646823363 -0.993298470628 0.0268689692033 0.112410883556 88.1865042404
0.0992812780108 0.0485859232124 0.993872545099 3.50050621346 0.0224378017195 0.998443970481 -0.0510507871078 -1.80040428603 -0.994806399703 0.0273687024889 0.0980366321001 88.2312139822
0.0863365815339 0.0462103581245 0.99519374872 3.94940144402 0.0253805863428 0.998497474525 -0.0485656175077 -1.8237807632 -0.995942679337 0.0294515902629 0.0850340126364 88.2459452927
0.0747492517359 0.0458136629355 0.996149415326 4.48029342085 0.0298054279303 0.998395151093 -0.0481534914603 -1.83957253339 -0.996756833852 0.0332900970614 0.0732637946521 88.2841833359
0.0654034446517 0.0456072906616 0.996816113667 4.88939777424 0.0330799241889 0.998306808593 -0.0478459458328 -1.89554118283 -0.997310437148 0.0361038911405 0.0637840183837 88.2590984947
0.0577312744925 0.0462032261973 0.997262433783 5.43062244524 0.0363806930273 0.998167622921 -0.0483512329419 -1.92166382782 -0.99766905591 0.0390724767722 0.0559445836392 88.284021007
0.052593325869 0.0466236308505 0.997527031774 5.99637733179 0.0389280043538 0.998054533014 -0.0487007146542 -1.9498093866 -0.997856980008 0.0413930691918 0.0506760423851 88.2961837383
0.0479866034195 0.0477257355305 0.99770714143 6.49623555743 0.0407002470384 0.997934856605 -0.049694183391 -1.96468707727 -0.998018424571 0.0429915821988 0.0459450549763 88.269748714
0.0421501855021 0.0483134329866 0.997942470313 7.05898988513 0.0417804245652 0.997871196075 -0.0500746659183 -2.00158776829 -0.998237325482 0.0438051165587 0.0400419002794 88.2856461998
0.0382306060232 0.0484092736694 0.998095668253 7.62675764143 0.0446458678596 0.997745707323 -0.0501023951647 -2.02616857562 -0.998271089057 0.0464762922464 0.0359831490126 88.286489705
0.0354751903239 0.0481221949246 0.998211282859 8.18053570825 0.0456797539408 0.997717946776 -0.04972181374 -2.07115085804 -0.998326034395 0.0473619365876 0.0331960240282 88.2821420295
0.0322483132468 0.0479348341557 0.998329754123 8.80208763935 0.0462213440398 0.997709084039 -0.0493980868112 -2.10043445007 -0.998410553654 0.0477371480078 0.0299588226102 88.2995249079
0.029724064106 0.0473900060383 0.998434107661 9.45298576097 0.0484405931603 0.997633521467 -0.0487941162356 -2.13559611866 -0.998383688242 0.0498150998455 0.027358122744 88.3239906258
0.029392530258 0.04711128151 0.998457112909 10.0459732142 0.0518730826911 0.99747081266 -0.0485917810375 -2.1670124761 -0.998221048895 0.0532212837759 0.0268743836411 88.3107530997
0.0301363027179 0.04712052632 0.99843450424 10.7679516408 0.0557707625747 0.997252848064 -0.0487481186317 -2.19863876284 -0.997988689966 0.0571525417424 0.0274255660297 88.3495967177
0.0323731040932 0.0473913433668 0.998351662845 11.4860876538 0.057216161218 0.997149284281 -0.0491895898909 -2.23282508021 -0.997836806811 0.0587142694074 0.0295692668341 88.3806582524
0.0360001141656 0.0472346145581 0.998234883666 12.1869283893 0.0589503493956 0.997042604468 -0.0493041700243 -2.2811112678 -0.997611571748 0.0606212509207 0.033109150557 88.4039193078
0.040621598477 0.0467658401177 0.998079576955 12.9115640254 0.0594812077907 0.997019326794 -0.0491370320596 -2.32028321375 -0.997402562488 0.0613630034952 0.0377188301133 88.4231455854
0.0444326813307 0.0452470017173 0.997987197145 13.6388333713 0.0610703140057 0.996982471359 -0.0479204397927 -2.35796527626 -0.997143998416 0.0630766251339 0.0415353558395 88.4595463661
0.0481131014942 0.0441441497233 0.997865934637 14.4117368059 0.0608863076119 0.997035507712 -0.0470431068946 -2.39040154264 -0.996984446724 0.0630197620284 0.0452826962966 88.5086765362
0.052037399209 0.0418026148395 0.997769838428 15.1984215412 0.0571531758127 0.997361267334 -0.044766247505 -2.44736790659 -0.997008336765 0.0593552340887 0.0495109342285 88.5578616534
0.0556935864226 0.0406272524802 0.997620995563 15.9806589738 0.0546786219821 0.997548287185 -0.0436768019892 -2.50248695034 -0.996949583845 0.056981059044 0.0533355995626 88.6066564437
0.0598553341424 0.0414230206022 0.997347217542 16.7598798479 0.0511035695746 0.997701237101 -0.0445046813701 -2.55508102406 -0.996898071094 0.053631845496 0.0576008767056 88.6461206964
0.0631142844981 0.0457567156623 0.996956824574 17.5535130782 0.0488983196284 0.997606881178 -0.0488821538306 -2.59475230097 -0.996807675246 0.0518346756274 0.0607258180083 88.6952623718
0.0643658816059 0.0507398733119 0.996635589642 18.3433837838 0.0425737055749 0.997657652938 -0.0535414524284 -2.65179500272 -0.99701780971 0.0458767129469 0.0620549299449 88.7479549594
0.064190020527 0.0541240879431 0.996468877772 19.1655038437 0.0404820126347 0.997565008611 -0.0567913747628 -2.69224847295 -0.997116265998 0.0439845052118 0.0618426663678 88.8086600962
0.0642595697165 0.0537767009119 0.996483203139 19.9769289209 0.037354909162 0.997717545805 -0.0562521959912 -2.74829653804 -0.997233833392 0.0408382814447 0.0621040764145 88.8611638951
0.0639161454017 0.051805862368 0.996609692398 20.7844621214 0.0342860837667 0.997948110772 -0.0540743253888 -2.81122916195 -0.997366126764 0.0376260658403 0.0620087764147 88.924225533
0.0634736855679 0.0506118937355 0.996699316471 21.6083412865 0.035276596831 0.997975296579 -0.0529232381366 -2.86595727044 -0.997359841259 0.0385193929256 0.0615597548094 88.9867156301
0.0640276502619 0.0501843911858 0.996685500488 22.4133310091 0.0327406320758 0.998091500042 -0.0523584621144 -2.91544494882 -0.997410903797 0.0359845025672 0.0622623848063 89.0382255422
0.0642154984742 0.0506835680836 0.99664815541 23.2239116121 0.0309784747495 0.998126880641 -0.0527547556514 -2.96781238806 -0.997455113706 0.0342623126476 0.0625251155468 89.0917899272
0.0642911526778 0.0514238520566 0.996605355759 24.0288652293 0.0282851873552 0.998176288431 -0.0533295920741 -3.01928741487 -0.997530248095 0.0316177901531 0.0627193708689 89.1475132406
0.0626189429323 0.0527187796697 0.996644168325 24.8487510193 0.0248113570288 0.998213060995 -0.0543606606026 -3.07661152945 -0.997729053676 0.028132101395 0.0611990222362 89.2151429909
0.0599573238314 0.0526947130832 0.996809102352 25.6518804852 0.0224253624348 0.99828250985 -0.0541214712253 -3.12364326833 -0.997949007935 0.0255987839751 0.058672649679 89.2638914263
0.0561332995592 0.0514740555314 0.997095519139 26.4533459525 0.0198076241592 0.998416177075 -0.0526573392768 -3.17807431604 -0.998226783204 0.0227059234936 0.0550248156066 89.3080512349
0.0511855290165 0.0491846065074 0.997477275983 27.2568817781 0.0179222041193 0.998580443131 -0.0501586801675 -3.22943372257 -0.998528335211 0.0204443899237 0.0502313716899 89.3527726491
0.0447831406777 0.047249898781 0.99787870875 28.0777612666 0.0157918768067 0.998722561089 -0.0479985687062 -3.2805094237 -0.998871907172 0.0179079042913 0.0439797683706 89.3967230897
0.037132893668 0.0477391096313 0.998169387238 28.9017137644 0.015693453576 0.998707226401 -0.0483486447597 -3.32913801806 -0.999187101459 0.0174600500245 0.0363356977427 89.4337842359
0.0287768852816 0.0487094619086 0.998398356967 29.6969730774 0.0158941422968 0.998663433535 -0.0491805120092 -3.37948838263 -0.99945948748 0.0172839475067 0.027964227943 89.4494928635
0.0188366581937 0.0494545573229 0.998598731758 30.5028069896 0.0163035365943 0.998627951158 -0.0497635394684 -3.42296324686 -0.999689639339 0.0172180697497 0.0180045291936 89.4619665917
0.00880169146812 0.0488320728361 0.998768220805 31.2972344048 0.0182547840374 0.998632617083 -0.0489863139932 -3.46426386059 -0.999794625454 0.0186634605961 0.00789823724184 89.463130224
-0.00198620111276 0.0481311893912 0.998839047902 32.0927796981 0.017003091541 0.998698247553 -0.048090593814 -3.51098027525 -0.999853464205 0.0168878341753 -0.0028019945898 89.4607755166
-0.0129013394375 0.0473182704903 0.998796544206 32.8795145672 0.0184322369359 0.99872120486 -0.0470766141948 -3.56242388174 -0.999746872004 0.0178027031743 -0.0137570228404 89.4461135046
-0.0241040158836 0.0476580679864 0.998572834086 33.6484855586 0.0187563537261 0.998708788625 -0.0472118069804 -3.61169209634 -0.99953348899 0.017591591152 -0.0249667840852 89.4277125591
-0.0349474408467 0.0483288054814 0.998219917122 34.4257636098 0.0198110997112 0.998667282857 -0.0476568828197 -3.65984528338 -0.999192772545 0.0181103482186 -0.0358583125775 89.3958271454
-0.0459440163197 0.0496737255187 0.997708208024 35.2066005372 0.0196220027877 0.99861506314 -0.0488152914222 -3.70537002982 -0.998751282538 0.0173342626934 -0.0468550847386 89.3678294244
-0.0564120209626 0.0509083318587 0.997108833397 35.986406593 0.0208973157398 0.998540608291 -0.0497991545 -3.75018124376 -0.998188852916 0.0180276271708 -0.0573935412116 89.3277926891
-0.0661402397125 0.0515934438726 0.996475581858 36.7566822834 0.021649356522 0.998501426872 -0.0502613757987 -3.79862532046 -0.9975754478 0.0182487556935 -0.0671580885872 89.280523836
-0.0764841581214 0.0518822268467 0.99572004504 37.5364962111 0.0216318591223 0.998496569856 -0.0503652921915 -3.85151260826 -0.996836113023 0.0176871287677 -0.0774914785547 89.2394602015
-0.0858316425939 0.0525626373371 0.994922156898 38.2897254287 0.0232571768306 0.998440953721 -0.0507421487335 -3.89404088007 -0.996038168373 0.0187837985611 -0.0869202856422 89.1757913948
-0.0943355329062 0.0524436702294 0.994158170858 39.020722616 0.0245537716402 0.998430310212 -0.0503391293963 -3.93162798953 -0.995237619631 0.0196615641039 -0.0954751452864 89.1037677594
-0.101712239653 0.0514646623116 0.993481760697 39.7513254198 0.0273159418017 0.998428889917 -0.0489243406026 -3.97964307182 -0.994438766153 0.0221616857 -0.102958244248 89.0264930711
-0.106879643141 0.050064071615 0.993010740433 40.4740163127 0.0304754884942 0.998427204107 -0.0470570154091 -4.02143120084 -0.993804803009 0.0252330503805 -0.108237270316 88.9447783462
-0.110566411691 0.0487530144715 0.992672258193 41.1803970168 0.0343095143844 0.998388055603 -0.0452122511335 -4.06220406654 -0.993276359242 0.0290591467492 -0.112060877034 88.8618515655
-0.113249459239 0.047718391385 0.992420029577 41.8875718503 0.0361932806065 0.998381211926 -0.0438748460003 -4.10378883962 -0.992907148942 0.0309501340263 -0.114793217495 88.7779241193
-0.115133486803 0.0472389042037 0.992226166832 42.5843220089 0.0369539178919 0.998380873312 -0.0432439563172 -4.13857719171 -0.992662424074 0.0316878168253 -0.116692733689 88.6998083453
-0.115888463943 0.0477421634924 0.992114181811 43.2409749688 0.0376787820197 0.998336531073 -0.0436403495779 -4.17761268202 -0.992547315401 0.0323242409166 -0.117494553655 88.6229322461
-0.114854284147 0.0486894855973 0.99218840318 43.8578795856 0.0380050765949 0.998282237137 -0.0445891149293 -4.21927425734 -0.992655079857 0.0325869453835 -0.116507439353 88.5532240044
-0.111538037682 0.0507070273268 0.992465648539 44.4821873956 0.0396447397776 0.998129368477 -0.046540932426 -4.24960640918 -0.992969063344 0.0341549580998 -0.113339658016 88.4731932446
-0.1064860278 0.0512330293856 0.992993405106 45.0975289551 0.0394243454939 0.998103886614 -0.0472689381028 -4.28970979806 -0.993532307912 0.0341146336191 -0.108303946868 88.4137067921
-0.0983928703573 0.0518512187209 0.993795901672 45.6936099076 0.0383079611539 0.998098820593 -0.0482829622415 -4.32894224464 -0.994410047805 0.0333195955519 -0.100192122331 88.3562280671
-0.0871571169532 0.0517163521061 0.994851273251 46.2371182335 0.0364757457752 0.998147582328 -0.0486921334711 -4.37021120043 -0.995526572691 0.0320440761556 -0.0888820580814 88.3111363252
-0.0732903850659 0.0521036936727 0.995948655585 46.803658115 0.0358500898479 0.998126568356 -0.0495794776142 -4.40868314857 -0.996666087772 0.0320711497809 -0.0750210026389 88.2741175715
-0.0560402907964 0.0535421882942 0.996991835413 47.3506994311 0.0344296996132 0.998070808062 -0.0516648611636 -4.44414224431 -0.997834696526 0.0314308155665 -0.0577756197788 88.2552167957
-0.0347658894246 0.0564768283155 0.997798426936 47.8910961237 0.032103891148 0.997949826392 -0.0553668147709 -4.47649485181 -0.998879709027 0.0301083355258 -0.0365077392643 88.2518122794
-0.00988741459595 0.0595719946289 0.99817504301 48.407801331 0.0293447276239 0.997811197598 -0.059259606048 -4.51867838994 -0.999520448012 0.0287052504643 -0.0116138969555 88.2564921097
0.0186358962614 0.0612576837355 0.997947994413 48.9287185967 0.0269602296275 0.99772760704 -0.0617476167032 -4.56166427139 -0.999462780392 0.028055629265 0.016942026962 88.2780391824
0.0520869944431 0.0605955658076 0.996802449041 49.4440287009 0.0232645530002 0.997812875664 -0.0618726573888 -4.60271131669 -0.998371526829 0.0264129241681 0.0505633449577 88.3164190486
0.0904732826362 0.0581515093698 0.994199671639 49.9618430311 0.0209460907512 0.997961854266 -0.0602776800448 -4.64428540568 -0.995678585896 0.0262781161303 0.0890708381086 88.3757077473
0.132811634199 0.0544985471561 0.989641843385 50.4920215291 0.0167283662466 0.998221664061 -0.0572160044244 -4.68217789208 -0.991000116844 0.024154042259 0.13166377884 88.4634727323
0.17864934157 0.0505732998703 0.982612209418 50.9705093294 0.0130488800551 0.998468523946 -0.0537618211908 -4.71529132185 -0.983826275054 0.0224265028187 0.177715819457 88.5681873021
0.227187707534 0.0476636449959 0.972683875928 51.4617292963 0.00737942628869 0.998688616794 -0.0506615313086 -4.74899200355 -0.973823027872 0.0186875261228 0.226538047035 88.7060885741
0.279186735587 0.0461031294527 0.959129432416 51.9427695681 0.00181991641249 0.998819547977 -0.0485406889508 -4.78463573659 -0.960235103803 0.0152974518871 0.278773265199 88.8629010549
0.334679624564 0.0455440109248 0.941230732589 52.4261782717 -0.00087533363882 0.998845960424 -0.048020632386 -4.81987036231 -0.94233156728 0.0152476362961 0.334333257237 89.0458597722
0.393158764988 0.0465620510622 0.918290891229 52.8791573964 -0.000524101736444 0.998728155115 -0.0504162423983 -4.84283639702 -0.919470451309 0.019340309746 0.392683131276 89.2605855346
0.453791307355 0.050347310448 0.889684549545 53.3099271104 -0.00157406818655 0.99844634928 -0.0556992811417 -4.86937913802 -0.891106599503 0.0238754254625 0.453165524263 89.4947353392
0.513891105405 0.053640399861 0.856176757036 53.7033579243 -0.00243943160333 0.998130518681 -0.0610697703513 -4.89536492404 -0.857851957484 0.0292946271535 0.51306124767 89.7605745424
0.572331288904 0.0580581986131 0.817964633291 54.0666965709 -0.00891332759323 0.997872003909 -0.0645911480439 -4.92130349169 -0.819974053451 0.0296767482756 0.571630861903 90.0523721509
0.628236439719 0.0609483550085 0.775631532256 54.4092541774 -0.0148051060511 0.99768288976 -0.0664052732435 -4.94919016276 -0.777881600659 0.0302349053494 0.627683093491 90.3743964273
0.681101473799 0.0614994229781 0.729601674451 54.7208873002 -0.0181839530252 0.997579693092 -0.0671125903483 -4.98090180861 -0.731963200059 0.0324434416214 0.680571301816 90.7064282366
0.729988611905 0.0591734771219 0.680892888856 55.0139353 -0.0202906639721 0.997682171161 -0.0649505527614 -5.01302296715 -0.683158045729 0.0335973950439 0.729497292388 91.0680874155
0.775036294689 0.0553548019724 0.629487559697 55.2835753319 -0.0239894835649 0.998015179613 -0.0582254750149 -5.04542512324 -0.631461199595 0.0300257749444 0.774825919962 91.4517631342
0.815973545319 0.050130527483 0.575911541432 55.5050115479 -0.0262168549665 0.998416922586 -0.0497626889224 -5.07433481468 -0.577494458723 0.0255064483494 0.815996060797 91.8101478909
0.851902428142 0.047820140367 0.521512691218 55.7125619665 -0.0302577204383 0.99865323102 -0.0421449229214 -5.09684303957 -0.522825710233 0.0201235769547 0.852202040816 92.2261696233
