1 -4.36218606638e-46 -3.87419519889e-43 -3.06988933762e-43 4.36218606638e-46 1 -1.46936793815e-43 -2.44692467518e-43 3.87419519889e-43 1.46936793815e-43 1 4.64680350487e-42
0.999991566206 -0.00215472373354 -0.0034963812148 -0.00258306130654 0.0021462116479 0.999994728681 -0.00243647004881 -0.00024184804026 0.0035016127041 0.00242894552604 0.999990919425 0.681122146922
0.999970839224 -0.00129587377095 -0.00752604892242 -0.0184525885169 0.00127004701399 0.99999329243 -0.00343541486558 -0.015574615901 0.00753045030494 0.00342575625026 0.999965777671 1.373811188
0.999935402683 -0.00117459847556 -0.0113053429248 -0.0369564783058 0.00111866266313 0.999987109174 -0.00495278505575 -0.0184321631551 0.0113110147234 0.0049398182541 0.99992382667 2.08248653714
0.999860058006 0.000225899695177 -0.0167276230911 -0.0431789668983 -0.000324528903975 0.999982579291 -0.00589370817196 -0.0184404795257 0.0167260002971 0.00589831199187 0.999842713045 2.81448829288
0.999778198412 -0.000768923471937 -0.021046679952 -0.0681751471353 0.000640076330299 0.999981018645 -0.00612802193361 -0.0271826154437 0.0210509924374 0.00611319124694 0.999759713436 3.55911758241
0.999663753377 0.000681125129161 -0.0259213474477 -0.0883021010488 -0.000859948337677 0.99997590656 -0.00688816292435 -0.047140013828 0.0259160312124 0.00690813782248 0.99964025377 4.32104892541
0.999510721166 0.00323926076912 -0.0311098933508 -0.113004180075 -0.00348059452896 0.999964247467 -0.00770644205307 -0.0515888608285 0.0310838179179 0.00781095237868 0.999486260679 5.09335187361
0.99935609936 0.00319460877803 -0.0357376712533 -0.145356208412 -0.00341334558418 0.999975804649 -0.00606128597171 -0.060417681693 0.0357174431305 0.00617936812815 0.999342823893 5.89383363483
0.999188502673 0.00212367857907 -0.0402222092333 -0.18258411607 -0.00226525253605 0.999991398038 -0.00347454754636 -0.0640520103369 0.0402144844212 0.00356284142179 0.99918471836 6.68881959325
0.999054534355 0.00158801485869 -0.0434455474477 -0.23490150785 -0.00163642900788 0.99999807912 -0.00107882199493 -0.067407333205 0.0434437508086 0.0011488975599 0.999055213965 7.50727698578
0.99892941753 0.00361577520241 -0.0461188135352 -0.285990608281 -0.00369433243965 0.999991866562 -0.00161824541117 -0.0850392680108 0.046112587219 0.00178689117493 0.998934650675 8.33573679819
0.998844578898 0.0029247426517 -0.0479682508273 -0.348350727571 -0.0030100942282 0.999994012391 -0.00170719509088 -0.0936503770527 0.0479629705059 0.0018496115166 0.998847401958 9.16836582013
0.998741877813 -2.17228755936e-05 -0.0501463959961 -0.384340671169 -8.55541923487e-05 0.999997712675 -0.00213713026627 -0.105263602227 0.0501463277196 0.00213873172967 0.998739591507 10.0099662904
0.998640681479 -0.000149812119043 -0.0521226136273 -0.432489279057 8.5057130427e-05 0.999999221899 -0.00124457480669 -0.115830507997 0.052122759523 0.00123844963316 0.998639917178 10.8449185029
0.998568026792 -0.00130380431715 -0.0534807999531 -0.489253669644 0.00123054833867 0.999998259135 -0.00140266826691 -0.132307575193 0.0534825356552 0.001334848974 0.998567892814 11.706070222
0.998459317525 0.00104396636512 -0.0554788372393 -0.545812098028 -0.00124812278099 0.999992576685 -0.00364537569153 -0.142663287307 0.0554746197528 0.00370900372571 0.998453208646 12.5750813554
0.998398660544 0.00185159622191 -0.0565392449163 -0.605637795061 -0.00221208048303 0.999977620403 -0.00631390475534 -0.15568464784 0.0565262887886 0.00642886341074 0.998380412664 13.4362801844
0.99827621781 0.00601518382899 -0.0583815940091 -0.663263276257 -0.0064713961097 0.999949963043 -0.00762839714134 -0.173926556237 0.0583327865606 0.00799305786656 0.998265193743 14.3139189418
0.998191531959 0.00698539020251 -0.0597065310433 -0.713764608748 -0.0074424229834 0.999944658806 -0.0074357020723 -0.184929929434 0.0596512855322 0.00786661610164 0.998188279076 15.1967897161
0.998105476319 0.00570910110457 -0.0612606260699 -0.775770453378 -0.00609134860654 0.999963117048 -0.0060547514789 -0.195295414341 0.0612237994089 0.00641644043809 0.998103439368 16.0994225115
0.998023110095 0.00546302219888 -0.0626101198318 -0.850510393136 -0.0057696316458 0.99997222849 -0.00471737216816 -0.199224552092 0.0625826099454 0.00506928377147 0.998026913111 17.0231796272
0.99795722434 0.00497698559862 -0.0636915065125 -0.9153914348 -0.00528556498612 0.999975092388 -0.00467732897421 -0.211575476918 0.0636666411103 0.00500441983716 0.99795867379 17.9403765021
0.997842288184 0.00407269999214 -0.0655300009688 -0.975864982939 -0.00443402383878 0.99997575432 -0.00536937648694 -0.223227893266 0.0655065442898 0.0056483525063 0.997836153268 18.8466839319
0.997766656895 0.00285028971163 -0.0667351049874 -1.0263295186 -0.00327386571343 0.999975180393 -0.00623862177985 -0.235334879125 0.0667156667689 0.00644317056902 0.997751224184 19.7424615044
0.997749005635 0.00395854493475 -0.0669421517231 -1.11992953528 -0.00431970514571 0.999976882141 -0.00525122188423 -0.237704853565 0.0669198169661 0.00552857177062 0.99774303956 20.7019376521
0.997754994442 0.0044218613135 -0.0668237847533 -1.20193083096 -0.00454914111147 0.999988116675 -0.00175266183644 -0.247675449807 0.066815240637 0.00205271792732 0.997763253466 21.6504741535
0.997793533152 0.00499654024131 -0.0662049830897 -1.26987213865 -0.00488645822219 0.999986396636 0.00182457349579 -0.254224444128 0.0662131990341 -0.00149703975089 0.997804375189 22.5963158984
0.997910235991 0.00413038882038 -0.0644833373275 -1.34995596886 -0.00384221468739 0.999982073739 0.00459234004953 -0.265665682473 0.0645011495323 -0.0043349843168 0.997908217032 23.5487695123
0.998025790931 0.00477441933641 -0.0626236820724 -1.43610831224 -0.00447254601165 0.999977698454 0.00495973054358 -0.26821882059 0.0626459653009 -0.00466985169908 0.998024887223 24.5161139956
0.998140461495 0.00655145146459 -0.0606027854982 -1.51719886601 -0.0064391027758 0.999977169592 0.00204896317903 -0.28907772499 0.0606148255947 -0.00165492548878 0.99815985901 25.4734306255
0.998197160862 0.00686383700569 -0.0596264688522 -1.59455545244 -0.00706465836029 0.999970058899 -0.00315783286313 -0.286590943076 0.05960300872 0.00357338043013 0.998215764404 26.4454103118
0.998282763443 0.00620983163696 -0.0582491390842 -1.65876470125 -0.00657620314437 0.999959770057 -0.0061001490788 -0.298635931861 0.058208914826 0.0064727318514 0.998283439699 27.3910298647
0.998353560967 0.00348327003666 -0.0572541189345 -1.73066791902 -0.00378400190032 0.999979604914 -0.00514500584934 -0.310382705422 0.0572350297871 0.00535318460573 0.998346380161 28.3684621793
0.998357176302 0.00315482882623 -0.0572101003502 -1.78484488302 -0.00319022740358 0.999994772122 -0.000527425909804 -0.330083330051 0.0572081373243 0.000709072671918 0.998362021633 29.3281097685
0.998312114168 -0.0011228964174 -0.0580660125048 -1.8525447605 0.00128113283093 0.999995566781 0.00268795770342 -0.333564083504 0.0580627367874 -0.00275781101268 0.998309127012 30.3336116088
0.998218864199 -0.0086690502831 -0.0590249669572 -1.92120651139 0.00879306518447 0.999959644358 0.00184164615185 -0.338528092525 0.0590066196436 -0.00235737631192 0.99825480796 31.3353411247
0.998147833376 -0.0102500312595 -0.059965319868 -2.00586116038 0.0101425419239 0.999946365049 -0.00209663274652 -0.356394673547 0.0599835941822 0.00148454866258 0.998198259137 32.3341128973
0.998053838299 -0.00947715967004 -0.0616337513212 -2.06901681433 0.00910410848299 0.99993851665 -0.00633072883653 -0.368529185231 0.0616899591997 0.00575728785629 0.998078755695 33.3372020979
0.997947283848 -0.00788137426274 -0.0635539345759 -2.14428655839 0.00743971028697 0.999946525478 -0.00718309793979 -0.384901663147 0.0636071487428 0.00669553021778 0.997952554235 34.3244213032
0.997920416332 -0.00769036554645 -0.0639976635941 -2.23869242192 0.00732478656763 0.999955500955 -0.00594504939774 -0.400543469806 0.0640405353622 0.00546391694346 0.997932340112 35.3514508125
0.997865540493 -0.00379214368833 -0.0651918916888 -2.31128147488 0.00357432992479 0.999987635109 -0.00345742592743 -0.416624308808 0.0652041966541 0.00321702886247 0.997866756368 36.3415098914
0.997815009901 -0.0025233445061 -0.0660215021743 -2.40338406291 0.0023816862496 0.999994690111 -0.00222425745943 -0.448153978805 0.0660267641753 0.002062154975 0.997815721428 37.357173943
0.997737090846 -0.00125531821578 -0.0672244131764 -2.46335393073 0.00127887889938 0.999999134973 0.000307444598537 -0.461549789658 0.0672239690846 -0.000392720762875 0.997737833176 38.3337840868
0.997741484161 -0.00126749523375 -0.0671589475859 -2.5345906468 0.00150028479418 0.999993040275 0.00341592554867 -0.479177159808 0.0671541505087 -0.00350896817457 0.997736441758 39.3366744868
0.997687170179 0.00399964766459 -0.0678550902921 -2.60952559875 -0.00360439042081 0.99997582376 0.00594644981324 -0.487237581725 0.0678772335152 -0.00568812044933 0.997677466146 40.3135578621
0.997675945625 0.00359566247717 -0.0680424774147 -2.68341189513 -0.00324834321911 0.999981128969 0.00521440053265 -0.49028532263 0.0680599426073 -0.00498125666216 0.997668798397 41.3104085463
0.997719658692 0.00519673206591 -0.0672939568979 -2.77696601292 -0.00498899596368 0.999982258321 0.0032546832903 -0.506015347454 0.0673096767071 -0.0029115322222 0.997727883945 42.3212274578
0.997709188849 0.0084120076204 -0.0671238602387 -2.86373882349 -0.00835531372598 0.99996446057 0.00112531344353 -0.526067614991 0.0671309408402 -0.000561894652157 0.997744015796 43.3299935322
0.99764269921 0.00771712556837 -0.0681871739163 -2.93461595483 -0.0076639943968 0.999970089554 0.00104076301852 -0.53304668653 0.0681931661064 -0.000515723508206 0.997672003278 44.3340735376
0.997575151164 0.00661549610443 -0.0692824147404 -3.01279393449 -0.00648661491783 0.999976787946 0.00208504118274 -0.549814518555 0.069294600135 -0.00163057692806 0.997594907571 45.3347781347
0.997514948899 0.00744663157203 -0.0700605052883 -3.08896082614 -0.00724049239552 0.999968680595 0.0031957940514 -0.570059088911 0.0700821089358 -0.00268057978411 0.997537624603 46.3263480855
0.997497345733 0.0105409310524 -0.0699137613628 -3.17666764876 -0.0105976609766 0.999943746166 -0.000440551472326 -0.589113759437 0.069905184623 0.00118037126482 0.997552941897 47.2999102316
0.997427141933 0.011938268408 -0.0706864504926 -3.25552228069 -0.0123061464213 0.999912893631 -0.00477115404795 -0.607328405061 0.0706233339349 0.00562875635553 0.997487173755 48.2624454492
0.997360266027 0.0129528912754 -0.0714473397583 -3.32779720071 -0.01344384 0.999889178299 -0.00639486405577 -0.618012396212 0.0713565898638 0.00733850992001 0.997423873464 49.2270310781
0.997360455381 0.0122284422574 -0.0715722519028 -3.39292452541 -0.0124621494884 0.999918368777 -0.00281968289021 -0.640339060698 0.0715319290429 0.00370418431384 0.997431432303 50.200115975
0.997347356268 0.0110163510251 -0.0719506146969 -3.45299700754 -0.0110345760898 0.999939106815 0.000144194928102 -0.659969844669 0.0719478218968 0.000650132102253 0.997408185375 51.163164031
0.997315729643 0.0104026691751 -0.072478409752 -3.51206392171 -0.0103926248276 0.999945862231 0.000515709230555 -0.679278859188 0.0724798506851 0.0002389159931 0.997369848233 52.1258461661
0.997318164446 0.0076336807681 -0.072788775122 -3.57019299735 -0.00769806317674 0.999970187054 -0.000604008675089 -0.699375771131 0.0727819942648 0.0011627214126 0.99734719601 53.0683224557
0.997300777786 0.0052938428473 -0.0732334203477 -3.64374345306 -0.00545124182688 0.999983241432 -0.00194956869552 -0.717179972191 0.0732218723501 0.00234351946052 0.99731292247 54.0334682995
0.99721722129 0.00458246321923 -0.0744097748518 -3.70465598673 -0.00467113603084 0.999988572327 -0.00101769479545 -0.734718819214 0.0744042609722 0.0013624409564 0.997227230727 54.9632588453
0.997149209886 0.00233456922623 -0.0754188504994 -3.77240136438 -0.00212308782758 0.999993587082 0.00288414505933 -0.749929184961 0.0754251000808 -0.00271580212365 0.997147771745 55.910446325
0.997103900125 0.00256754899162 -0.0760080262095 -3.83634229365 -0.00196717062698 0.999966282608 0.00797269639014 -0.774484401419 0.0760259337056 -0.00780008590855 0.997075331188 56.8528794563
0.997061871684 0.00547223662554 -0.0764047031355 -3.91467912116 -0.00471266642841 0.999937704772 0.0101181692993 -0.79131097028 0.0764553125037 -0.00972837094011 0.997025548313 57.799052761
0.996945690924 0.00679442927809 -0.0778018321022 -3.9965011247 -0.00633210661491 0.999960809045 0.00618747117777 -0.80417536397 0.0778408233094 -0.00567592323269 0.996949642721 58.7337400662
0.996807493086 0.00907700106518 -0.0793248370918 -4.07533775463 -0.00924220153506 0.999955818107 -0.00171567596796 -0.816392806905 0.0793057591778 0.0024433347917 0.996847343717 59.6563969722
0.996705741552 0.0106726046009 -0.0803975140701 -4.15527360084 -0.0112419254011 0.99991481423 -0.00663199792537 -0.828609354032 0.0803198846544 0.00751397326579 0.996740817031 60.5736360092
0.996518465178 0.0162197927321 -0.0817793793278 -4.22671415792 -0.0167376874586 0.999843944602 -0.00565121763969 -0.852440757499 0.0816749556354 0.00700034042044 0.996634434914 61.4711633902
0.996390606045 0.0192036393806 -0.0826860352195 -4.306843899 -0.0195100084937 0.999805459501 -0.00289874452662 -0.88444488365 0.0826142829924 0.00450148706509 0.996571430887 62.3450717654
0.996304426489 0.0219852257079 -0.0830309557285 -4.42222024636 -0.0221610407933 0.999753698202 -0.00119632888499 -0.908619422784 0.0829842034943 0.00303196016066 0.996546250401 63.2587852967
0.996199300557 0.0226743082563 -0.0841001148304 -4.50634155863 -0.0228879182317 0.999736794209 -0.00157654822297 -0.919807532894 0.0840422320527 0.00349543278854 0.996456062845 64.1293772589
0.99598486805 0.0247396525883 -0.0860354125048 -4.57299409094 -0.0248801725915 0.999690283058 -0.000561223749916 -0.94149503189 0.0859948813993 0.0026995462746 0.996291921488 64.9761338944
0.995823679896 0.0253566917124 -0.0877053974627 -4.63642441403 -0.0254321339488 0.999676517855 0.000257316647905 -0.963142810449 0.0876835510315 0.00197429340509 0.996146423496 65.8021803366
0.995694998438 0.025362302561 -0.0891528109144 -4.71835006289 -0.0253995090025 0.999677123085 0.000717303041324 -0.979150136696 0.0891422179866 0.0015502225728 0.996017701541 66.6298039383
0.995581847381 0.0251104070674 -0.0904779123467 -4.79684531245 -0.0250608207109 0.999684509528 0.00168424302674 -0.989950906677 0.0904916594555 0.000590648955617 0.995897038204 67.4439376791
0.995365118039 0.0279357310327 -0.0920210667327 -4.86591502509 -0.0276341977572 0.999607749312 0.00454957462857 -1.00347304024 0.0921120670991 -0.00198555953127 0.995746666903 68.2283308605
0.995178619684 0.0295987702857 -0.0935062977618 -4.93409011262 -0.0289080929359 0.999543927744 0.00873262124207 -1.01820153516 0.0937221269837 -0.00598742920812 0.995580390328 69.0159472388
0.994922757201 0.0330805201028 -0.0950493892338 -5.02170501198 -0.0322271246694 0.999425416778 0.0104999397292 -1.02979899962 0.0953421189168 -0.00738346046919 0.995417181322 69.8003359448
0.994748070862 0.0357436417777 -0.0959096845449 -5.12678147379 -0.0352953032448 0.999356640899 0.00636756308917 -1.03759147188 0.0960755800706 -0.00294895969892 0.995369673313 70.5532773866
0.994614605782 0.0357476538274 -0.0972825329135 -5.20914174428 -0.0359833184474 0.99935216707 -0.000668555498323 -1.05778901865 0.0971956107946 0.00416550342461 0.995256580899 71.2855178788
0.994471944411 0.0351161083498 -0.0989566102551 -5.27880720038 -0.0359298942265 0.999333478486 -0.00645302081481 -1.07005971076 0.0986640485674 0.00997284869651 0.995070825524 71.9883584034
0.994373433249 0.036215898303 -0.0995484000781 -5.35195523687 -0.0371566227201 0.999280465895 -0.00761156153755 -1.08256311073 0.0992011120705 0.0112676169226 0.995003608121 72.6848976178
0.994192646999 0.0388095111389 -0.100373315669 -5.42634052279 -0.0393995473943 0.999215917546 -0.00390202345905 -1.10028738945 0.10014317909 0.00783402623923 0.994942195162 73.3626157947
0.99407027243 0.0390898006773 -0.101470591572 -5.51108498189 -0.0394477602122 0.999220473859 -0.00152277209289 -1.12205723047 0.101331967736 0.00551653003418 0.994837373751 74.0275379361
0.994091650271 0.0359189355787 -0.102428613816 -5.58745859959 -0.0365829580709 0.999319981501 -0.00461104670729 -1.14117087114 0.102193336574 0.00833094471521 0.994729670473 74.6697566884
0.994335932397 0.0278324890314 -0.102573905548 -5.64520730478 -0.0289886332724 0.999531722884 -0.00979765735447 -1.15846784931 0.102253179345 0.0127156400921 0.994677133451 75.2882387769
0.994533523125 0.0236976670135 -0.101693126407 -5.70283871662 -0.025284666234 0.999577362762 -0.0143450864899 -1.17856063804 0.101310202022 0.0168379461659 0.994712383825 75.8859115386
0.99478529259 0.0264113783218 -0.0985122365108 -5.76997140062 -0.0279818452104 0.999501889032 -0.0145941824204 -1.19605438907 0.0980777140121 0.0172746321825 0.995028818224 76.4693498567
0.995023567101 0.0315021598276 -0.094528910069 -5.82968945351 -0.0327642295979 0.999393111282 -0.0118285409696 -1.20983442021 0.0940989169518 0.0148668439423 0.995451842522 77.0472975619
0.995471516876 0.0299600897007 -0.090215586866 -5.87042354037 -0.0308943980831 0.999482336099 -0.00897752713379 -1.2235966832 0.0898999179951 0.0117240288076 0.995881796145 77.6107158408
0.996063502342 0.0265312762405 -0.0845789021129 -5.90494521129 -0.0270261451675 0.99962362531 -0.00471117809266 -1.24209286748 0.0844220751875 0.00697847423774 0.996405647374 78.1537514751
0.996827952743 0.0223623664178 -0.0763803456257 -5.93356998574 -0.0225439348836 0.999744704291 -0.00151566550651 -1.25719862484 0.0763269521837 0.00323277128208 0.997077602577 78.6772353496
0.997487790705 0.0262708709986 -0.0657871471672 -5.96544802976 -0.0264657235798 0.999647532451 -0.00209197054135 -1.26655785371 0.0657090014444 0.00382781952553 0.997831486237 79.1970044821
0.998220298323 0.0315030825258 -0.0506338997795 -5.99505103148 -0.0316892291087 0.999493628031 -0.00287754818988 -1.27884930664 0.0505176085539 0.00447697626332 0.998713135945 79.7048188929
0.998786009194 0.0368304912452 -0.0327112022424 -6.00516105765 -0.0369433142782 0.999313295341 -0.00285119019501 -1.28559657329 0.0325837285719 0.00405618910119 0.999460778601 80.1993496956
0.999322236977 0.035233246546 -0.0106623178369 -5.99038196598 -0.0352653157722 0.999373964903 -0.00283474461329 -1.29384068543 0.0105557655959 0.00320883333359 0.999939137749 80.6777140332
0.9993745221 0.0318280495043 0.0154123276043 -5.95533995061 -0.0317942972334 0.999491479313 -0.00243011182496 -1.3057790265 -0.0154818358364 0.00193856771881 0.999878269948 81.1544139621
0.998514013836 0.0308622823394 0.0449141815334 -5.90914111028 -0.0308265852071 0.999523641246 -0.00148735857473 -1.31859063406 -0.0449386895501 0.000100597536419 0.99898974172 81.6156795855
0.996482163945 0.0304821141918 0.0780649579108 -5.85154224545 -0.0305255700854 0.999533783308 -0.000636864329147 -1.33052697208 -0.0780479756956 -0.00174835339907 0.996948071241 82.0666524381
0.992818217174 0.031145472822 0.115507346824 -5.77180781432 -0.0312262200151 0.999511725451 -0.00111079684028 -1.33591236953 -0.115485543819 -0.00250403848668 0.993306004693 82.5151102958
0.987096675956 0.0315397966631 0.156988514048 -5.6664508838 -0.0315653131412 0.999498972637 -0.00233124497688 -1.3415181582 -0.156983385499 -0.00265422743796 0.98759767707 82.9487131604
0.978829046665 0.0310489495511 0.202310800842 -5.55318218385 -0.031070859409 0.999512474737 -0.00306831225439 -1.36021204891 -0.202307437088 -0.00328261729104 0.979316560323 83.3672310409
0.967134168083 0.0332916732812 0.252077697181 -5.43788020856 -0.032829926098 0.999442710812 -0.00603852281897 -1.37396968629 -0.252138249534 -0.00243563042642 0.967688157841 83.767641414
0.951543296055 0.0347924027502 0.305540250121 -5.28805893108 -0.0332446163444 0.99939448653 -0.0102691663963 -1.38213708417 -0.305712530357 -0.000386011952561 0.952123783852 84.1544422054
0.931573385668 0.0349333362719 0.361871094634 -5.1237371239 -0.0322939958896 0.999389369292 -0.0133411534878 -1.39768805772 -0.362116176032 0.000741999880663 0.93213267537 84.5166996879
0.907030932498 0.0353433750082 0.419578042007 -4.9371906485 -0.0315153593855 0.999374331783 -0.0160538810327 -1.41500055063 -0.419882923699 0.00133821389925 0.907577291237 84.8637493
0.877778374645 0.0355822433569 0.477743685424 -4.72228632776 -0.0299465859484 0.999363019698 -0.0194102254236 -1.42398811316 -0.478130031472 0.00273108378697 0.87828481382 85.1928607005
0.844253904908 0.0339261510763 0.534868544898 -4.48615407962 -0.0259442141321 0.999411489215 -0.0224404317551 -1.44165711205 -0.535315086469 0.00506867807569 0.844637239708 85.4943354509
0.80737296514 0.0335518202727 0.589086725803 -4.22822166049 -0.023493565568 0.99941823352 -0.0247234076344 -1.45705185931 -0.589573530221 0.00612126331227 0.807691514502 85.7758301932
0.767104266852 0.0327128498541 0.64068784383 -3.95668650031 -0.0219354843028 0.999452556691 -0.0247673464885 -1.47279757849 -0.641147314044 0.00494533902861 0.767401892958 86.0434267629
0.724317085787 0.0323646131876 0.68870697038 -3.66622728159 -0.0224482820569 0.999475063056 -0.0233596438805 -1.4900317814 -0.689101468486 0.00145950085491 0.724663394955 86.2886561773
0.67902159962 0.0314495676911 0.733444334589 -3.35905470325 -0.0201590762146 0.999503989256 -0.0241947743716 -1.50077864935 -0.733841453514 0.00164321415612 0.679318791844 86.5139671529
0.632352360266 0.030341357209 0.774086490328 -3.03885423177 -0.0157790255321 0.999529871087 -0.0262880040873 -1.51576566071 -0.77452018361 0.00440895093634 0.632533830188 86.7206778047
0.585433372678 0.0277873756241 0.810244177956 -2.70339840198 -0.00884156925185 0.999571839908 -0.0278919973593 -1.53085991267 -0.810672309141 0.00916507607449 0.585428397477 86.9044072272
0.538231780871 0.0300411989165 0.842261287504 -2.37087719785 -0.00956212140164 0.999517872146 -0.0295396190659 -1.54617658179 -0.84274261545 0.0078453570931 0.538259541929 87.0759962659
0.490278781986 0.033067696273 0.870938139822 -2.03372595965 -0.0121958066748 0.999442451238 -0.0310813282141 -1.56344478035 -0.871480337262 0.00461672256031 0.490408714889 87.2372033804
0.444378030569 0.0354640169407 0.895137123267 -1.68635936592 -0.0116325592184 0.999360296163 -0.0338183680803 -1.57680369348 -0.895763835793 0.00461540420955 0.444506297515 87.3778337087
0.401854383454 0.033133999019 0.915103924485 -1.33400018475 -0.00341565434462 0.999392423645 -0.034685975073 -1.59127631777 -0.915697214042 0.010813032432 0.40172340052 87.4894415875
0.362606459916 0.0256874041832 0.931588274128 -0.959042498504 0.0127845257817 0.999388889802 -0.0325331037602 -1.60233677158 -0.93185466202 0.0237066278931 0.362056466129 87.5813165431
0.327303297175 0.0221394627646 0.944659936616 -0.588933033149 0.0179664755931 0.999398940233 -0.0296473272962 -1.6135316738 -0.944748515433 0.0266758776715 0.326708800214 87.6708282793
0.293905565198 0.0262940987932 0.955472730701 -0.218479516327 0.0163245374144 0.999337672294 -0.0325227030347 -1.62931125585 -0.955695049806 0.025156253758 0.2932816644 87.7691482901
0.262255526278 0.0341355665446 0.964394526132 0.146009728637 0.0057221182004 0.999301576001 -0.0369271927627 -1.65407531814 -0.964981500496 0.0152027398423 0.261877032978 87.8674182314
0.233826132613 0.0383913007582 0.971520173611 0.533944201253 0.00238778085544 0.999194439413 -0.0400595899699 -1.67706096451 -0.972275495017 0.011686756268 0.233546101484 87.954831195
0.208193218026 0.0402322203869 0.9772599206 0.938951108093 0.00461833231641 0.999102082874 -0.0421153060577 -1.7010952488 -0.978076814455 0.0132814321691 0.207820472006 88.0246607046
0.18508548751 0.0418124349983 0.981832512495 1.36006743119 0.0122794309343 0.998918044138 -0.0448548399952 -1.72126416362 -0.982645703135 0.0203583244539 0.184371800274 88.0714383351
0.165153367627 0.048248946524 0.985087003427 1.77549859471 0.0201628682503 0.99842874968 -0.0522827940727 -1.72980622364 -0.986061774893 0.0284968589752 0.163921033194 88.1142534163
0.145373405497 0.0553106563273 0.987829592729 2.21846587889 0.022969352248 0.997978335774 -0.0592591780418 -1.73728640282 -0.989110197011 0.0313045143953 0.143809059336 88.172547083
0.12818040967 0.0561346570841 0.990160937854 2.61655076497 0.0219835186087 0.997990713985 -0.0594244033212 -1.75153225407 -0.991507189831 0.029384265765 0.126688821286 88.2031190428
0.113682147586 0.0517165782444 0.992170229777 3.03379003977 0.0208450851033 0.998300282494 -0.0544245201998 -1.77646823385 -0.993298470626 0.0268689692143 0.112410883574 88.1865042405
0.0992812780294 0.0485859231931 0.993872545098 3.50050621248 0.0224378017314 0.998443970482 -0.0510507870901 -1.80040428625 -0.994806399701 0.0273687024999 0.0980366321186 88.2312139823
0.0863365815525 0.0462103581051 0.995193748719 3.94940144305 0.0253805863545 0.998497474526 -0.0485656174898 -1.8237807634 -0.995942679336 0.0294515902739 0.085034012655 88.2459452928
0.0747492517545 0.0458136629158 0.996149415325 4.48029341988 0.0298054279419 0.998395151094 -0.0481534914421 -1.83957253359 -0.99675683385 0.0332900970725 0.0732637946708 88.2841833361
0.0654034446703 0.0456072906418 0.996816113667 4.88939777327 0.0330799242005 0.998306808593 -0.0478459458143 -1.89554118302 -0.997310437146 0.0361038911517 0.0637840184024 88.2590984948
0.0577312745111 0.0462032261773 0.997262433783 5.43062244427 0.0363806930388 0.998167622922 -0.0483512329232 -1.921663828 -0.997669055908 0.0390724767835 0.055944583658 88.2840210071
0.0525933258876 0.0466236308302 0.997527031774 5.99637733082 0.0389280043653 0.998054533014 -0.0487007146353 -1.94980938676 -0.997856980007 0.0413930692032 0.050676042404 88.2961837385
0.0479866034382 0.04772573551 0.99770714143 6.49623555646 0.0407002470499 0.997934856606 -0.0496941833718 -1.96468707743 -0.99801842457 0.0429915822103 0.0459450549952 88.2697487142
0.0421501855209 0.048313432966 0.997942470314 7.05898988416 0.0417804245767 0.997871196076 -0.050074665899 -2.00158776844 -0.998237325481 0.0438051165703 0.0400419002984 88.2856461999
0.0382306060419 0.0484092736486 0.998095668254 7.62675764046 0.0446458678711 0.997745707324 -0.0501023951452 -2.02616857576 -0.998271089055 0.0464762922581 0.0359831490317 88.2864897051
0.0354751903427 0.0481221949037 0.998211282859 8.18053570728 0.0456797539523 0.997717946776 -0.0497218137204 -2.07115085816 -0.998326034394 0.0473619365993 0.0331960240473 88.2821420297
0.0322483132656 0.0479348341346 0.998329754123 8.80208763838 0.0462213440514 0.99770908404 -0.0493980867914 -2.10043445018 -0.998410553653 0.0477371480196 0.0299588226295 88.2995249081
0.0297240641248 0.047390006017 0.998434107661 9.45298576001 0.0484405931718 0.997633521468 -0.0487941162155 -2.13559611876 -0.998383688241 0.0498150998574 0.0273581227633 88.323990626
0.0293925302768 0.0471112814885 0.99845711291 10.0459732133 0.0518730827027 0.99747081266 -0.0485917810173 -2.16701247618 -0.998221048894 0.0532212837878 0.0268743836605 88.3107530999
0.0301363027367 0.0471205262983 0.998434504241 10.7679516398 0.0557707625865 0.997252848064 -0.0487481186114 -2.19863876291 -0.997988689965 0.0571525417545 0.0274255660492 88.3495967179
0.0323731041121 0.0473913433449 0.998351662845 11.4860876528 0.0572161612299 0.997149284281 -0.0491895898705 -2.23282508027 -0.99783680681 0.0587142694196 0.0295692668537 88.3806582526
0.0360001141845 0.0472346145361 0.998234883666 12.1869283883 0.0589503494076 0.997042604468 -0.0493041700038 -2.28111126785 -0.997611571747 0.0606212509329 0.0331091505767 88.403919308
0.040621598496 0.0467658400954 0.998079576956 12.9115640244 0.0594812078029 0.997019326794 -0.049137032039 -2.32028321378 -0.997402562486 0.0613630035075 0.037718830133 88.4231455857
0.0444326813497 0.0452470016948 0.997987197145 13.6388333704 0.0610703140181 0.996982471359 -0.047920439772 -2.35796527628 -0.997143998414 0.0630766251462 0.0415353558593 88.4595463663
0.0481131015133 0.0441441497008 0.997865934637 14.4117368049 0.0608863076244 0.997035507712 -0.0470431068739 -2.39040154264 -0.996984446723 0.0630197620408 0.0452826963165 88.5086765365
0.0520373992283 0.0418026148169 0.997769838428 15.1984215403 0.0571531758253 0.997361267335 -0.0447662474841 -2.44736790657 -0.997008336763 0.0593552341012 0.0495109342486 88.5578616537
0.0556935864421 0.0406272524574 0.997620995562 15.9806589728 0.054678621995 0.997548287185 -0.0436768019682 -2.50248695031 -0.996949583844 0.0569810590565 0.0533355995827 88.606656444
0.059855334162 0.0414230205794 0.997347217542 16.7598798469 0.0511035695877 0.997701237101 -0.044504681349 -2.55508102401 -0.996898071092 0.0536318455086 0.0576008767258 88.6461206967
0.0631142845178 0.0457567156393 0.996956824574 17.5535130772 0.0488983196416 0.997606881179 -0.0488821538095 -2.5947523009 -0.996807675244 0.0518346756402 0.0607258180286 88.6952623722
0.0643658816259 0.050739873289 0.996635589642 18.3433837829 0.0425737055882 0.997657652938 -0.0535414524072 -2.65179500264 -0.997017809708 0.0458767129599 0.0620549299652 88.7479549598
0.0641900205472 0.05412408792 0.996468877772 19.1655038428 0.0404820126481 0.997565008612 -0.0567913747414 -2.69224847285 -0.997116265996 0.043984505225 0.0618426663882 88.8086600966
0.0642595697369 0.0537767008888 0.996483203139 19.9769289199 0.0373549091755 0.997717545806 -0.0562521959697 -2.74829653793 -0.99723383339 0.0408382814579 0.062104076435 88.8611638955
0.0639161454222 0.0518058623447 0.996609692398 20.7844621204 0.0342860837803 0.997948110773 -0.0540743253671 -2.81122916182 -0.997366126763 0.0376260658536 0.0620087764353 88.9242255334
0.0634736855885 0.0506118937121 0.99669931647 21.6083412855 0.0352765968447 0.997975296579 -0.0529232381149 -2.86595727029 -0.997359841257 0.0385193929389 0.0615597548301 88.9867156305
0.0640276502826 0.0501843911624 0.996685500488 22.4133310082 0.0327406320895 0.998091500043 -0.0523584620925 -2.91544494865 -0.997410903795 0.0359845025806 0.0622623848271 89.0382255426
0.0642154984952 0.05068356806 0.99664815541 23.2239116111 0.0309784747634 0.998126880642 -0.0527547556294 -2.96781238788 -0.997455113704 0.034262312661 0.0625251155678 89.0917899277
0.0642911526989 0.051423852033 0.996605355759 24.0288652283 0.0282851873691 0.998176288432 -0.0533295920519 -3.01928741466 -0.997530248093 0.0316177901666 0.06271937089 89.1475132411
0.0626189429536 0.052718779646 0.996644168325 24.8487510183 0.0248113570428 0.998213060996 -0.0543606605803 -3.07661152922 -0.997729053674 0.0281321014087 0.0611990222574 89.2151429914
0.0599573238528 0.0526947130593 0.996809102352 25.6518804842 0.0224253624489 0.998282509851 -0.0541214712028 -3.12364326809 -0.997949007933 0.0255987839889 0.0586726497003 89.2638914268
0.0561332995809 0.0514740555075 0.997095519139 26.4533459516 0.0198076241732 0.998416177076 -0.0526573392541 -3.17807431578 -0.998226783202 0.0227059235074 0.0550248156281 89.3080512355
0.0511855290384 0.0491846064834 0.997477275983 27.2568817771 0.0179222041333 0.998580443132 -0.0501586801446 -3.22943372229 -0.998528335209 0.0204443899376 0.0502313717115 89.3527726497
0.0447831406997 0.0472498987569 0.99787870875 28.0777612656 0.0157918768206 0.99872256109 -0.0479985686831 -3.2805094234 -0.998871907171 0.0179079043052 0.0439797683923 89.3967230903
0.0371328936902 0.047739109607 0.998169387239 28.9017137634 0.0156934535899 0.998707226402 -0.0483486447363 -3.32913801774 -0.999187101458 0.0174600500385 0.0363356977646 89.4337842365
0.0287768853039 0.0487094618842 0.998398356967 29.6969730764 0.0158941423105 0.998663433536 -0.0491805119855 -3.37948838229 -0.999459487479 0.0172839475208 0.027964227965 89.4494928641
0.0188366582162 0.0494545572983 0.998598731758 30.5028069886 0.0163035366078 0.998627951159 -0.0497635394445 -3.4229632465 -0.999689639339 0.0172180697639 0.0180045292158 89.4619665923
0.00880169149073 0.0488320728113 0.998768220806 31.2972344038 0.0182547840508 0.998632617083 -0.0489863139689 -3.46426386021 -0.999794625454 0.0186634606105 0.00789823726422 89.4631302246
-0.00198620108997 0.0481311893663 0.998839047903 32.0927796971 0.0170030915543 0.998698247554 -0.0480905937895 -3.51098027486 -0.999853464205 0.0168878341897 -0.00280199456726 89.4607755173
-0.0129013394146 0.0473182704652 0.998796544208 32.8795145662 0.018432236949 0.998721204861 -0.0470766141699 -3.56242388132 -0.999746872004 0.0178027031888 -0.0137570228177 89.4461135053
-0.0241040158606 0.0476580679612 0.998572834088 33.6484855576 0.0187563537389 0.998708788626 -0.0472118069553 -3.61169209591 -0.999533488991 0.0175915911665 -0.0249667840623 89.4277125598
-0.0349474408236 0.048328805456 0.998219917124 34.4257636088 0.0198110997239 0.998667282858 -0.0476568827943 -3.65984528293 -0.999192772546 0.0181103482332 -0.0358583125545 89.3958271461
-0.0459440162964 0.0496737254932 0.997708208026 35.2066005362 0.0196220028002 0.998615063141 -0.0488152913964 -3.70537002935 -0.998751282539 0.0173342627082 -0.0468550847155 89.3678294251
-0.0564120209392 0.050908331833 0.9971088334 35.9864065921 0.020897315752 0.998540608292 -0.049799154474 -3.75018124327 -0.998188852917 0.0180276271857 -0.0573935411883 89.3277926898
-0.0661402396889 0.0515934438468 0.996475581861 36.7566822825 0.021649356534 0.998501426873 -0.0502613757725 -3.79862531995 -0.997575447801 0.0182487557085 -0.0671580885638 89.2805238368
-0.0764841580977 0.0518822268207 0.995720045043 37.5364962101 0.0216318591341 0.998496569857 -0.0503652921649 -3.85151260773 -0.996836113025 0.0176871287828 -0.0774914785311 89.2394602023
-0.0858316425701 0.052562637311 0.994922156901 38.2897254277 0.0232571768423 0.998440953722 -0.0507421487067 -3.89404087952 -0.996038168375 0.0187837985763 -0.0869202856185 89.1757913956
-0.0943355328823 0.0524436702031 0.994158170862 39.020722615 0.0245537716517 0.998430310213 -0.0503391293692 -3.93162798896 -0.995237619633 0.0196615641192 -0.0954751452625 89.1037677602
-0.101712239629 0.0514646622851 0.993481760701 39.7513254188 0.027315941813 0.998428889918 -0.0489243405753 -3.97964307123 -0.994438766155 0.0221616857153 -0.102958244224 89.0264930719
-0.106879643117 0.0500640715882 0.993010740437 40.4740163118 0.0304754885055 0.998427204108 -0.0470570153816 -4.02143120022 -0.993804803011 0.0252330503959 -0.108237270291 88.9447783471
-0.110566411667 0.0487530144445 0.992672258197 41.1803970159 0.0343095143956 0.998388055604 -0.0452122511058 -4.06220406591 -0.993276359244 0.0290591467646 -0.11206087701 88.8618515664
-0.113249459215 0.0477183913578 0.992420029581 41.8875718494 0.0361932806177 0.998381211927 -0.0438748459724 -4.10378883897 -0.992907148945 0.0309501340418 -0.11479321747 88.7779241202
-0.115133486779 0.0472389041764 0.992226166836 42.5843220079 0.0369539179031 0.998380873312 -0.0432439562891 -4.13857719104 -0.992662424077 0.0316878168409 -0.116692733665 88.6998083462
-0.115888463918 0.0477421634649 0.992114181815 43.2409749678 0.037678782031 0.998336531073 -0.0436403495497 -4.17761268133 -0.992547315404 0.0323242409323 -0.117494553631 88.622932247
-0.114854284123 0.0486894855696 0.992188403184 43.8578795847 0.0380050766063 0.998282237138 -0.0445891149008 -4.21927425663 -0.992655079859 0.0325869453993 -0.116507439328 88.5532240054
-0.111538037658 0.0507070272988 0.992465648543 44.4821873947 0.0396447397891 0.998129368478 -0.0465409323975 -4.24960640846 -0.992969063346 0.0341549581157 -0.113339657991 88.4731932455
-0.106486027775 0.0512330293575 0.99299340511 45.0975289541 0.0394243455056 0.998103886614 -0.0472689380742 -4.28970979732 -0.993532307915 0.0341146336352 -0.108303946843 88.413706793
-0.0983928703319 0.0518512186927 0.993795901676 45.6936099067 0.0383079611659 0.998098820594 -0.0482829622128 -4.32894224388 -0.994410047807 0.033319595568 -0.100192122305 88.3562280681
-0.0871571169275 0.0517163520778 0.994851273255 46.2371182326 0.0364757457876 0.998147582329 -0.0486921334424 -4.37021119966 -0.995526572693 0.0320440761718 -0.0888820580555 88.3111363262
-0.07329038504 0.0521036936442 0.995948655589 46.8036581141 0.0358500898608 0.998126568357 -0.0495794775855 -4.40868314777 -0.996666087773 0.0320711497973 -0.0750210026128 88.2741175726
-0.0560402907702 0.0535421882655 0.996991835416 47.3506994302 0.0344296996267 0.998070808063 -0.0516648611349 -4.4441422435 -0.997834696527 0.031430815583 -0.0577756197525 88.2552167967
-0.0347658893981 0.0564768282867 0.997798426939 47.8910961228 0.0321038911621 0.997949826393 -0.0553668147424 -4.47649485099 -0.998879709027 0.0301083355425 -0.0365077392378 88.2518122805
-0.00988741456914 0.0595719946 0.998175043012 48.4078013301 0.0293447276388 0.997811197599 -0.0592596060197 -4.5186783891 -0.999520448011 0.0287052504811 -0.0116138969288 88.2564921108
0.0186358962885 0.0612576837064 0.997947994415 48.9287185958 0.0269602296434 0.997727607041 -0.0617476166752 -4.56166427054 -0.999462780391 0.028055629282 0.0169420269888 88.2780391835
0.0520869944706 0.0605955657784 0.996802449041 49.4440287 0.0232645530171 0.997812875666 -0.0618726573611 -4.60271131583 -0.998371526828 0.0264129241852 0.0505633449848 88.3164190497
0.0904732826639 0.0581515093404 0.994199671638 49.9618430302 0.0209460907692 0.997961854268 -0.0602776800176 -4.6442854048 -0.995678585893 0.0262781161474 0.0890708381359 88.3757077484
0.132811634227 0.0544985471266 0.989641843383 50.4920215282 0.0167283662658 0.998221664062 -0.0572160043979 -4.68217789118 -0.99100011684 0.0241540422761 0.131663778867 88.4634727334
0.178649341598 0.0505732998406 0.982612209414 50.9705093285 0.0130488800757 0.998468523947 -0.053761821165 -4.71529132095 -0.983826275048 0.0224265028358 0.177715819485 88.5681873032
0.227187707562 0.0476636449661 0.972683875923 51.4617292954 0.00737942631072 0.998688616795 -0.0506615312837 -4.74899200263 -0.973823027865 0.0186875261399 0.226538047062 88.7060885752
0.279186735616 0.0461031294228 0.959129432409 51.9427695671 0.00181991643597 0.998819547978 -0.048540688927 -4.78463573567 -0.960235103795 0.0152974519043 0.278773265226 88.8629010561
0.334679624592 0.0455440108947 0.941230732581 52.4261782708 -0.000875333613826 0.998845960426 -0.0480206323635 -4.81987036137 -0.94233156727 0.0152476363135 0.334333257264 89.0458597734
0.393158765016 0.0465620510318 0.918290891218 52.8791573955 -0.000524101709874 0.998728155116 -0.0504162423772 -4.84283639607 -0.919470451297 0.0193403097635 0.392683131303 89.2605855358
0.453791307382 0.0503473104171 0.889684549533 53.3099271094 -0.0015740681584 0.998446349281 -0.0556992811222 -4.86937913706 -0.89110659949 0.0238754254803 0.453165524289 89.4947353404
0.513891105431 0.0536403998297 0.856176757022 53.7033579233 -0.00243943157367 0.998130518682 -0.0610697703337 -4.89536492308 -0.857851957468 0.0292946271715 0.513061247696 89.7605745436
0.57233128893 0.0580581985817 0.817964633275 54.06669657 -0.00891332756221 0.99787200391 -0.0645911480283 -4.92130349072 -0.819974053433 0.0296767482938 0.571630861927 90.0523721522
0.628236439744 0.0609483549768 0.775631532239 54.4092541765 -0.0148051060189 0.997682889762 -0.06640527323 -4.94919016178 -0.777881600639 0.0302349053679 0.627683093515 90.3743964285
0.681101473823 0.0614994229461 0.729601674431 54.7208872992 -0.0181839529918 0.997579693093 -0.067112590337 -4.98090180763 -0.731963200038 0.03244344164 0.680571301838 90.7064282378
0.729988611927 0.0591734770897 0.680892888835 55.013935299 -0.0202906639379 0.997682171162 -0.0649505527524 -5.01302296616 -0.683158045706 0.0335973950626 0.729497292409 91.0680874168
0.77503629471 0.0553548019402 0.629487559674 55.2835753309 -0.02398948353 0.998015179614 -0.0582254750082 -5.04542512226 -0.63146119957 0.030025774963 0.774825919982 91.4517631355
0.815973545338 0.0501305274507 0.575911541407 55.5050115469 -0.026216854931 0.998416922588 -0.0497626889181 -5.0743348137 -0.577494458697 0.0255064483679 0.815996060815 91.8101478921
0.85190242816 0.0478201403348 0.521512691192 55.7125619655 -0.0302577204025 0.998653231021 -0.0421449229194 -5.09684303858 -0.522825710206 0.0201235769732 0.852202040832 92.2261696245
