1 8.89656369015e-46 -2.16943423049e-44 4.76155802738e-45 -8.89656369015e-46 1 1.56120343465e-44 3.36956218485e-44 2.16943423049e-44 -1.56120343465e-44 1 -2.10818751368e-43
0.999991566206 -0.00215472373354 -0.0034963812148 -0.00258306130653 0.0021462116479 0.999994728681 -0.00243647004881 -0.000241848040262 0.0035016127041 0.00242894552604 0.999990919425 0.681122146922
0.999970839224 -0.00129587377095 -0.00752604892242 -0.0184525885169 0.00127004701399 0.99999329243 -0.00343541486558 -0.015574615901 0.00753045030494 0.00342575625026 0.999965777671 1.373811188
0.999935402683 -0.00117459847556 -0.0113053429248 -0.0369564783058 0.00111866266313 0.999987109174 -0.00495278505575 -0.0184321631551 0.0113110147234 0.0049398182541 0.99992382667 2.08248653714
0.999860058006 0.000225899695184 -0.016727623091 -0.0431789668986 -0.000324528903982 0.999982579291 -0.00589370817195 -0.018440479526 0.0167260002971 0.00589831199187 0.999842713045 2.81448829288
0.999778198412 -0.00076892347193 -0.021046679952 -0.0681751471357 0.000640076330291 0.999981018645 -0.0061280219336 -0.0271826154439 0.0210509924374 0.00611319124694 0.999759713436 3.55911758241
0.999663753377 0.000681125129169 -0.0259213474477 -0.0883021010491 -0.000859948337685 0.99997590656 -0.00688816292435 -0.0471400138283 0.0259160312124 0.00690813782247 0.99964025377 4.32104892541
0.999510721166 0.00323926076913 -0.0311098933508 -0.113004180076 -0.00348059452897 0.999964247467 -0.00770644205307 -0.0515888608287 0.0310838179179 0.00781095237868 0.999486260679 5.09335187361
0.99935609936 0.00319460877804 -0.0357376712533 -0.145356208412 -0.00341334558419 0.999975804649 -0.0060612859717 -0.0604176816932 0.0357174431305 0.00617936812815 0.999342823893 5.89383363483
0.999188502673 0.00212367857908 -0.0402222092333 -0.182584116071 -0.00226525253606 0.999991398038 -0.00347454754636 -0.0640520103372 0.0402144844212 0.00356284142178 0.99918471836 6.68881959325
0.999054534355 0.0015880148587 -0.0434455474476 -0.234901507851 -0.00163642900789 0.99999807912 -0.00107882199492 -0.0674073332052 0.0434437508086 0.00114889755989 0.999055213965 7.50727698578
0.99892941753 0.00361577520242 -0.0461188135351 -0.285990608281 -0.00369433243965 0.999991866562 -0.00161824541117 -0.085039268011 0.046112587219 0.00178689117492 0.998934650675 8.33573679819
0.998844578898 0.00292474265171 -0.0479682508273 -0.348350727572 -0.00301009422821 0.999994012391 -0.00170719509087 -0.0936503770529 0.0479629705059 0.00184961151659 0.998847401958 9.16836582013
0.998741877813 -2.17228755855e-05 -0.0501463959961 -0.384340671169 -8.55541923565e-05 0.999997712675 -0.00213713026626 -0.105263602227 0.0501463277196 0.00213873172966 0.998739591507 10.0099662904
0.998640681479 -0.000149812119035 -0.0521226136273 -0.432489279057 8.50571304192e-05 0.999999221899 -0.00124457480669 -0.115830507998 0.052122759523 0.00123844963316 0.998639917178 10.8449185029
0.998568026792 -0.00130380431714 -0.0534807999531 -0.489253669644 0.00123054833866 0.999998259135 -0.00140266826691 -0.132307575193 0.0534825356552 0.001334848974 0.998567892814 11.706070222
0.998459317525 0.00104396636513 -0.0554788372393 -0.545812098028 -0.001248122781 0.999992576685 -0.00364537569152 -0.142663287307 0.0554746197528 0.0037090037257 0.998453208646 12.5750813554
0.998398660544 0.00185159622192 -0.0565392449163 -0.605637795061 -0.00221208048304 0.999977620403 -0.00631390475533 -0.15568464784 0.0565262887886 0.00642886341073 0.998380412664 13.4362801844
0.99827621781 0.006015183829 -0.0583815940091 -0.663263276258 -0.00647139610971 0.999949963043 -0.00762839714133 -0.173926556237 0.0583327865606 0.00799305786655 0.998265193743 14.3139189418
0.998191531959 0.00698539020252 -0.0597065310433 -0.713764608748 -0.00744242298341 0.999944658806 -0.0074357020723 -0.184929929434 0.0596512855322 0.00786661610163 0.998188279076 15.1967897161
0.998105476319 0.00570910110457 -0.0612606260699 -0.775770453378 -0.00609134860655 0.999963117048 -0.0060547514789 -0.195295414341 0.0612237994088 0.00641644043809 0.998103439368 16.0994225115
0.998023110095 0.00546302219889 -0.0626101198318 -0.850510393136 -0.00576963164581 0.99997222849 -0.00471737216815 -0.199224552093 0.0625826099453 0.00506928377146 0.998026913111 17.0231796272
0.99795722434 0.00497698559863 -0.0636915065125 -0.9153914348 -0.00528556498613 0.999975092388 -0.0046773289742 -0.211575476918 0.0636666411103 0.00500441983715 0.99795867379 17.9403765021
0.997842288184 0.00407269999215 -0.0655300009688 -0.975864982939 -0.00443402383879 0.99997575432 -0.00536937648694 -0.223227893267 0.0655065442898 0.0056483525063 0.997836153268 18.8466839319
0.997766656895 0.00285028971167 -0.0667351049874 -1.0263295186 -0.00327386571347 0.999975180393 -0.00623862177986 -0.235334879125 0.0667156667689 0.00644317056902 0.997751224184 19.7424615044
0.997749005635 0.00395854493479 -0.0669421517231 -1.11992953528 -0.00431970514575 0.999976882141 -0.00525122188423 -0.237704853565 0.0669198169661 0.00552857177062 0.99774303956 20.7019376521
0.997754994442 0.00442186131354 -0.0668237847533 -1.20193083096 -0.00454914111151 0.999988116675 -0.00175266183645 -0.247675449807 0.066815240637 0.00205271792733 0.997763253466 21.6504741535
0.997793533152 0.00499654024135 -0.0662049830897 -1.26987213865 -0.00488645822223 0.999986396636 0.00182457349579 -0.254224444128 0.0662131990341 -0.00149703975089 0.997804375189 22.5963158984
0.997910235991 0.00413038882042 -0.0644833373275 -1.34995596886 -0.00384221468743 0.999982073739 0.00459234004952 -0.265665682473 0.0645011495323 -0.0043349843168 0.997908217032 23.5487695123
0.998025790931 0.00477441933644 -0.0626236820724 -1.43610831224 -0.00447254601168 0.999977698454 0.00495973054359 -0.26821882059 0.0626459653009 -0.00466985169908 0.998024887223 24.5161139956
0.998140461495 0.00655145146462 -0.0606027854982 -1.51719886601 -0.00643910277583 0.999977169592 0.00204896317904 -0.28907772499 0.0606148255947 -0.00165492548879 0.99815985901 25.4734306255
0.998197160862 0.00686383700573 -0.0596264688522 -1.59455545244 -0.00706465836033 0.999970058899 -0.00315783286312 -0.286590943077 0.05960300872 0.00357338043012 0.998215764404 26.4454103118
0.998282763443 0.00620983163699 -0.0582491390842 -1.65876470125 -0.0065762031444 0.999959770057 -0.00610014907879 -0.298635931862 0.058208914826 0.00647273185139 0.998283439699 27.3910298647
0.998353560967 0.00348327003669 -0.0572541189344 -1.73066791902 -0.00378400190035 0.999979604914 -0.00514500584932 -0.310382705423 0.0572350297871 0.00535318460572 0.998346380161 28.3684621793
0.998357176302 0.00315482882626 -0.0572101003502 -1.78484488302 -0.00319022740361 0.999994772122 -0.000527425909792 -0.330083330051 0.0572081373243 0.000709072671909 0.998362021633 29.3281097685
0.998312114168 -0.00112289641737 -0.0580660125048 -1.8525447605 0.00128113283089 0.999995566781 0.00268795770343 -0.333564083505 0.0580627367874 -0.00275781101269 0.998309127012 30.3336116088
0.998218864199 -0.00866905028307 -0.0590249669572 -1.92120651139 0.00879306518444 0.999959644358 0.00184164615186 -0.338528092526 0.0590066196436 -0.00235737631193 0.99825480796 31.3353411247
0.998147833376 -0.0102500312595 -0.059965319868 -2.00586116038 0.0101425419239 0.999946365049 -0.00209663274651 -0.356394673548 0.0599835941822 0.00148454866257 0.998198259137 32.3341128973
0.998053838299 -0.00947715967001 -0.0616337513212 -2.06901681433 0.00910410848295 0.99993851665 -0.00633072883652 -0.368529185231 0.0616899591997 0.00575728785628 0.998078755695 33.3372020979
0.997947283848 -0.00788137426271 -0.0635539345759 -2.14428655839 0.00743971028694 0.999946525478 -0.00718309793978 -0.384901663147 0.0636071487428 0.00669553021777 0.997952554235 34.3244213032
0.997920416332 -0.00769036554642 -0.0639976635941 -2.23869242192 0.0073247865676 0.999955500955 -0.00594504939773 -0.400543469806 0.0640405353622 0.00546391694345 0.997932340112 35.3514508125
0.997865540493 -0.0037921436883 -0.0651918916888 -2.31128147488 0.00357432992476 0.999987635109 -0.00345742592741 -0.416624308808 0.0652041966541 0.00321702886246 0.997866756368 36.3415098914
0.997815009901 -0.00252334450609 -0.0660215021743 -2.40338406291 0.0023816862496 0.999994690111 -0.00222425745942 -0.448153978805 0.0660267641753 0.00206215497498 0.997815721428 37.357173943
0.997737090846 -0.00125531821577 -0.0672244131764 -2.46335393073 0.00127887889937 0.999999134973 0.00030744459855 -0.461549789658 0.0672239690846 -0.000392720762887 0.997737833176 38.3337840868
0.997741484161 -0.00126749523374 -0.0671589475859 -2.5345906468 0.00150028479417 0.999993040275 0.00341592554868 -0.479177159808 0.0671541505087 -0.00350896817458 0.997736441758 39.3366744868
0.997687170179 0.0039996476646 -0.0678550902921 -2.60952559875 -0.00360439042082 0.99997582376 0.00594644981325 -0.487237581725 0.0678772335152 -0.00568812044934 0.997677466146 40.3135578621
0.997675945625 0.00359566247718 -0.0680424774146 -2.68341189513 -0.00324834321912 0.999981128969 0.00521440053266 -0.49028532263 0.0680599426073 -0.00498125666217 0.997668798397 41.3104085463
0.997719658692 0.00519673206592 -0.0672939568979 -2.77696601292 -0.00498899596369 0.999982258321 0.00325468329031 -0.506015347454 0.0673096767071 -0.00291153222221 0.997727883945 42.3212274578
0.997709188849 0.00841200762041 -0.0671238602387 -2.86373882349 -0.00835531372599 0.99996446057 0.00112531344355 -0.526067614991 0.0671309408402 -0.000561894652169 0.997744015796 43.3299935322
0.99764269921 0.00771712556838 -0.0681871739163 -2.93461595483 -0.00766399439681 0.999970089554 0.00104076301853 -0.53304668653 0.0681931661064 -0.000515723508218 0.997672003278 44.3340735376
0.997575151164 0.00661549610444 -0.0692824147404 -3.01279393448 -0.00648661491784 0.999976787946 0.00208504118276 -0.549814518555 0.069294600135 -0.00163057692807 0.997594907571 45.3347781347
0.997514948899 0.00744663157204 -0.0700605052883 -3.08896082614 -0.00724049239553 0.999968680595 0.00319579405141 -0.570059088911 0.0700821089358 -0.00268057978412 0.997537624603 46.3263480855
0.997497345733 0.0105409310524 -0.0699137613628 -3.17666764876 -0.0105976609766 0.999943746166 -0.000440551472313 -0.589113759437 0.069905184623 0.00118037126481 0.997552941897 47.2999102316
0.997427141933 0.0119382684081 -0.0706864504926 -3.25552228069 -0.0123061464213 0.999912893631 -0.00477115404794 -0.607328405061 0.0706233339349 0.00562875635552 0.997487173755 48.2624454492
0.997360266027 0.0129528912754 -0.0714473397583 -3.32779720071 -0.0134438400001 0.999889178299 -0.00639486405576 -0.618012396212 0.0713565898638 0.00733850992 0.997423873464 49.2270310781
0.997360455381 0.0122284422574 -0.0715722519028 -3.39292452541 -0.0124621494884 0.999918368777 -0.00281968289019 -0.640339060697 0.0715319290429 0.00370418431383 0.997431432303 50.200115975
0.997347356268 0.0110163510252 -0.0719506146969 -3.45299700754 -0.0110345760898 0.999939106815 0.000144194928115 -0.659969844669 0.0719478218968 0.000650132102241 0.997408185375 51.163164031
0.997315729643 0.0104026691751 -0.072478409752 -3.51206392171 -0.0103926248276 0.999945862231 0.000515709230569 -0.679278859188 0.0724798506851 0.000238915993087 0.997369848233 52.1258461661
0.997318164446 0.00763368076812 -0.072788775122 -3.57019299735 -0.00769806317675 0.999970187054 -0.000604008675076 -0.699375771131 0.0727819942648 0.00116272141258 0.99734719601 53.0683224557
0.997300777786 0.00529384284731 -0.0732334203476 -3.64374345306 -0.0054512418269 0.999983241432 -0.00194956869551 -0.717179972191 0.0732218723501 0.0023435194605 0.99731292247 54.0334682995
0.99721722129 0.00458246321925 -0.0744097748518 -3.70465598673 -0.00467113603085 0.999988572327 -0.00101769479544 -0.734718819214 0.0744042609722 0.00136244095639 0.997227230727 54.9632588453
0.997149209886 0.00233456922625 -0.0754188504994 -3.77240136438 -0.00212308782759 0.999993587082 0.00288414505935 -0.749929184961 0.0754251000808 -0.00271580212366 0.997147771745 55.910446325
0.997103900125 0.00256754899163 -0.0760080262095 -3.83634229365 -0.001967170627 0.999966282608 0.00797269639016 -0.774484401419 0.0760259337056 -0.00780008590856 0.997075331188 56.8528794563
0.997061871684 0.00547223662556 -0.0764047031355 -3.91467912116 -0.00471266642842 0.999937704772 0.0101181692993 -0.791310970279 0.0764553125037 -0.00972837094012 0.997025548313 57.799052761
0.996945690924 0.00679442927811 -0.0778018321022 -3.9965011247 -0.00633210661493 0.999960809045 0.00618747117779 -0.80417536397 0.0778408233094 -0.0056759232327 0.996949642721 58.7337400662
0.996807493086 0.0090770010652 -0.0793248370918 -4.07533775462 -0.00924220153507 0.999955818107 -0.00171567596794 -0.816392806905 0.0793057591778 0.00244333479169 0.996847343717 59.6563969722
0.996705741552 0.010672604601 -0.0803975140701 -4.15527360084 -0.0112419254012 0.99991481423 -0.00663199792535 -0.828609354032 0.0803198846544 0.00751397326577 0.996740817031 60.5736360092
0.996518465178 0.0162197927322 -0.0817793793277 -4.22671415792 -0.0167376874587 0.999843944602 -0.00565121763967 -0.852440757499 0.0816749556354 0.00700034042042 0.996634434914 61.4711633902
0.996390606045 0.0192036393806 -0.0826860352195 -4.306843899 -0.0195100084938 0.999805459501 -0.0028987445266 -0.88444488365 0.0826142829924 0.00450148706507 0.996571430887 62.3450717654
0.996304426489 0.021985225708 -0.0830309557285 -4.42222024636 -0.0221610407933 0.999753698202 -0.00119632888497 -0.908619422784 0.0829842034943 0.00303196016064 0.996546250401 63.2587852967
0.996199300557 0.0226743082564 -0.0841001148304 -4.50634155863 -0.0228879182318 0.999736794209 -0.00157654822295 -0.919807532894 0.0840422320527 0.00349543278852 0.996456062845 64.1293772589
0.99598486805 0.0247396525883 -0.0860354125048 -4.57299409094 -0.0248801725915 0.999690283058 -0.000561223749898 -0.941495031889 0.0859948813993 0.00269954627459 0.996291921488 64.9761338944
0.995823679896 0.0253566917124 -0.0877053974626 -4.63642441402 -0.0254321339488 0.999676517855 0.000257316647922 -0.963142810449 0.0876835510315 0.00197429340507 0.996146423496 65.8021803366
0.995694998438 0.025362302561 -0.0891528109144 -4.71835006289 -0.0253995090025 0.999677123085 0.000717303041341 -0.979150136696 0.0891422179865 0.00155022257279 0.996017701541 66.6298039383
0.995581847381 0.0251104070674 -0.0904779123467 -4.79684531245 -0.025060820711 0.999684509528 0.00168424302676 -0.989950906676 0.0904916594554 0.000590648955604 0.995897038204 67.4439376791
0.995365118039 0.0279357310328 -0.0920210667327 -4.86591502509 -0.0276341977572 0.999607749312 0.00454957462858 -1.00347304024 0.0921120670991 -0.00198555953128 0.995746666903 68.2283308605
0.995178619684 0.0295987702858 -0.0935062977618 -4.93409011262 -0.028908092936 0.999543927744 0.00873262124209 -1.01820153516 0.0937221269837 -0.00598742920813 0.995580390328 69.0159472388
0.994922757201 0.0330805201029 -0.0950493892338 -5.02170501198 -0.0322271246695 0.999425416778 0.0104999397292 -1.02979899962 0.0953421189168 -0.00738346046921 0.995417181322 69.8003359448
0.994748070862 0.0357436417777 -0.0959096845449 -5.12678147379 -0.0352953032448 0.999356640899 0.00636756308919 -1.03759147187 0.0960755800706 -0.00294895969893 0.995369673313 70.5532773866
0.994614605782 0.0357476538275 -0.0972825329134 -5.20914174428 -0.0359833184475 0.99935216707 -0.000668555498305 -1.05778901865 0.0971956107946 0.00416550342459 0.995256580899 71.2855178788
0.994471944411 0.0351161083499 -0.0989566102551 -5.27880720038 -0.0359298942265 0.999333478486 -0.0064530208148 -1.07005971076 0.0986640485673 0.0099728486965 0.995070825524 71.9883584034
0.994373433249 0.036215898303 -0.099548400078 -5.35195523687 -0.0371566227202 0.999280465895 -0.00761156153753 -1.08256311073 0.0992011120705 0.0112676169226 0.995003608121 72.6848976178
0.994192646999 0.0388095111389 -0.100373315669 -5.42634052279 -0.0393995473944 0.999215917546 -0.00390202345903 -1.10028738945 0.10014317909 0.00783402623921 0.994942195162 73.3626157947
0.99407027243 0.0390898006774 -0.101470591572 -5.51108498189 -0.0394477602123 0.999220473859 -0.00152277209288 -1.12205723047 0.101331967736 0.00551653003416 0.994837373751 74.0275379361
0.994091650271 0.0359189355787 -0.102428613816 -5.58745859959 -0.0365829580709 0.999319981501 -0.00461104670727 -1.14117087114 0.102193336574 0.0083309447152 0.994729670473 74.6697566884
0.994335932397 0.0278324890315 -0.102573905548 -5.64520730477 -0.0289886332724 0.999531722884 -0.00979765735445 -1.15846784931 0.102253179345 0.0127156400921 0.994677133451 75.2882387769
0.994533523125 0.0236976670135 -0.101693126407 -5.70283871662 -0.025284666234 0.999577362762 -0.0143450864899 -1.17856063804 0.101310202022 0.0168379461659 0.994712383825 75.8859115386
0.99478529259 0.0264113783218 -0.0985122365108 -5.76997140062 -0.0279818452104 0.999501889032 -0.0145941824204 -1.19605438907 0.098077714012 0.0172746321825 0.995028818224 76.4693498567
0.995023567101 0.0315021598277 -0.094528910069 -5.82968945351 -0.0327642295979 0.999393111282 -0.0118285409696 -1.20983442021 0.0940989169518 0.0148668439423 0.995451842522 77.0472975619
0.995471516876 0.0299600897008 -0.0902155868659 -5.87042354037 -0.0308943980832 0.999482336099 -0.00897752713377 -1.2235966832 0.0898999179951 0.0117240288076 0.995881796145 77.6107158408
0.996063502342 0.0265312762405 -0.0845789021129 -5.90494521129 -0.0270261451676 0.99962362531 -0.00471117809264 -1.24209286748 0.0844220751875 0.00697847423773 0.996405647374 78.1537514751
0.996827952743 0.0223623664178 -0.0763803456256 -5.93356998574 -0.0225439348837 0.999744704291 -0.0015156655065 -1.25719862484 0.0763269521837 0.00323277128206 0.997077602577 78.6772353496
0.997487790705 0.0262708709987 -0.0657871471671 -5.96544802976 -0.0264657235798 0.999647532451 -0.00209197054133 -1.26655785371 0.0657090014444 0.00382781952552 0.997831486237 79.1970044821
0.998220298323 0.0315030825256 -0.0506338997812 -5.99505103144 -0.0316892291085 0.999493628031 -0.00287754818975 -1.27884930664 0.0505176085556 0.00447697626324 0.998713135945 79.7048188929
0.998786009194 0.036830491245 -0.0327112022442 -6.00516105761 -0.036943314278 0.999313295341 -0.00285119019488 -1.2855965733 0.0325837285737 0.00405618910112 0.999460778601 80.1993496956
0.999322236977 0.0352332465458 -0.0106623178387 -5.99038196594 -0.035265315772 0.999373964903 -0.00283474461315 -1.29384068543 0.0105557655977 0.00320883333352 0.999939137749 80.6777140332
0.9993745221 0.0318280495041 0.0154123276025 -5.95533995057 -0.0317942972332 0.999491479313 -0.00243011182483 -1.3057790265 -0.0154818358346 0.00193856771873 0.999878269948 81.1544139621
0.998514013836 0.0308622823392 0.0449141815316 -5.90914111025 -0.0308265852069 0.999523641246 -0.00148735857458 -1.31859063406 -0.0449386895483 0.000100597536337 0.99898974172 81.6156795855
0.996482163945 0.0304821141916 0.078064957909 -5.85154224542 -0.0305255700852 0.999533783308 -0.000636864328994 -1.33052697208 -0.0780479756938 -0.00174835339915 0.996948071241 82.0666524381
0.992818217174 0.0311454728218 0.115507346822 -5.77180781429 -0.0312262200149 0.999511725451 -0.00111079684012 -1.33591236953 -0.115485543818 -0.00250403848676 0.993306004694 82.5151102958
0.987096675956 0.0315397966629 0.156988514046 -5.66645088377 -0.031565313141 0.999498972637 -0.00233124497672 -1.3415181582 -0.156983385497 -0.00265422743804 0.98759767707 82.9487131604
0.978829046665 0.0310489495509 0.20231080084 -5.55318218381 -0.0310708594088 0.999512474737 -0.00306831225422 -1.36021204891 -0.202307437086 -0.00328261729112 0.979316560323 83.3672310409
0.967134168084 0.033291673281 0.252077697179 -5.43788020852 -0.0328299260978 0.999442710812 -0.00603852281878 -1.37396968629 -0.252138249533 -0.00243563042649 0.967688157842 83.767641414
0.951543296055 0.03479240275 0.305540250119 -5.28805893105 -0.0332446163442 0.99939448653 -0.0102691663961 -1.38213708417 -0.305712530355 -0.000386011952636 0.952123783853 84.1544422054
0.931573385669 0.0349333362716 0.361871094632 -5.12373712386 -0.0322939958895 0.999389369292 -0.0133411534876 -1.39768805772 -0.362116176031 0.000741999880588 0.93213267537 84.5166996879
0.907030932499 0.035343375008 0.419578042005 -4.93719064847 -0.0315153593854 0.999374331783 -0.0160538810325 -1.41500055063 -0.419882923697 0.00133821389917 0.907577291238 84.8637493
0.877778374646 0.0355822433566 0.477743685423 -4.72228632773 -0.0299465859483 0.999363019698 -0.0194102254234 -1.42398811316 -0.47813003147 0.0027310837869 0.878284813821 85.1928607005
0.844253904909 0.033926151076 0.534868544896 -4.48615407958 -0.025944214132 0.999411489215 -0.0224404317548 -1.44165711205 -0.535315086467 0.00506867807562 0.844637239709 85.4943354509
0.807372965141 0.0335518202725 0.589086725801 -4.22822166045 -0.0234935655679 0.99941823352 -0.0247234076341 -1.4570518593 -0.58957353022 0.0061212633122 0.807691514503 85.7758301932
0.767104266853 0.0327128498538 0.640687843829 -3.95668650028 -0.0219354843027 0.999452556691 -0.0247673464883 -1.47279757848 -0.641147314043 0.00494533902853 0.767401892959 86.0434267629
0.724317085788 0.0323646131874 0.688706970379 -3.66622728156 -0.0224482820568 0.999475063056 -0.0233596438803 -1.4900317814 -0.689101468485 0.00145950085484 0.724663394956 86.2886561773
0.679021599622 0.0314495676909 0.733444334588 -3.35905470322 -0.0201590762145 0.999503989256 -0.0241947743714 -1.50077864935 -0.733841453513 0.00164321415604 0.679318791845 86.5139671529
0.632352360267 0.0303413572087 0.774086490327 -3.03885423174 -0.0157790255321 0.999529871087 -0.0262880040871 -1.51576566071 -0.774520183609 0.00440895093626 0.632533830189 86.7206778047
0.585433372679 0.0277873756239 0.810244177955 -2.70339840195 -0.00884156925183 0.999571839908 -0.0278919973591 -1.53085991266 -0.81067230914 0.00916507607441 0.585428397478 86.9044072272
0.538231780872 0.0300411989163 0.842261287503 -2.37087719782 -0.00956212140163 0.999517872146 -0.0295396190657 -1.54617658179 -0.842742615449 0.00784535709303 0.53825954193 87.0759962659
0.490278781988 0.0330676962728 0.870938139821 -2.03372595962 -0.0121958066748 0.999442451238 -0.0310813282138 -1.56344478035 -0.871480337261 0.00461672256024 0.490408714891 87.2372033804
0.44437803057 0.0354640169404 0.895137123266 -1.68635936589 -0.0116325592185 0.999360296163 -0.03381836808 -1.57680369348 -0.895763835792 0.00461540420947 0.444506297516 87.3778337087
0.401854383455 0.0331339990188 0.915103924484 -1.33400018472 -0.00341565434466 0.999392423645 -0.0346859750728 -1.59127631776 -0.915697214041 0.0108130324319 0.401723400521 87.4894415875
0.362606459918 0.0256874041829 0.931588274128 -0.959042498476 0.0127845257817 0.999388889802 -0.0325331037599 -1.60233677158 -0.931854662019 0.023706627893 0.362056466131 87.5813165432
0.327303297176 0.0221394627643 0.944659936615 -0.588933033122 0.0179664755931 0.999398940233 -0.029647327296 -1.6135316738 -0.944748515433 0.0266758776714 0.326708800216 87.6708282793
0.2939055652 0.0262940987929 0.955472730701 -0.2184795163 0.0163245374143 0.999337672294 -0.0325227030345 -1.62931125585 -0.955695049805 0.0251562537579 0.293281664402 87.7691482901
0.262255526279 0.0341355665444 0.964394526132 0.146009728664 0.00572211820032 0.999301576001 -0.0369271927625 -1.65407531814 -0.964981500496 0.0152027398422 0.261877032979 87.8674182314
0.233826132615 0.0383913007579 0.971520173611 0.53394420128 0.00238778085535 0.999194439413 -0.0400595899697 -1.6770609645 -0.972275495016 0.0116867562679 0.233546101485 87.9548311951
0.208193218027 0.0402322203866 0.9772599206 0.93895110812 0.00461833231632 0.999102082874 -0.0421153060575 -1.7010952488 -0.978076814455 0.0132814321691 0.207820472008 88.0246607046
0.185085487512 0.0418124349981 0.981832512495 1.36006743122 0.0122794309342 0.998918044138 -0.0448548399949 -1.72126416362 -0.982645703134 0.0203583244539 0.184371800276 88.0714383351
0.165153367629 0.0482489465237 0.985087003427 1.77549859474 0.0201628682502 0.99842874968 -0.0522827940725 -1.72980622364 -0.986061774893 0.0284968589752 0.163921033195 88.1142534163
0.145373405499 0.055310656327 0.987829592729 2.21846587891 0.0229693522479 0.997978335774 -0.0592591780416 -1.73728640281 -0.989110197011 0.0313045143952 0.143809059337 88.1725470831
0.128180409671 0.0561346570839 0.990160937853 2.61655076499 0.0219835186086 0.997990713985 -0.059424403321 -1.75153225407 -0.991507189831 0.029384265765 0.126688821288 88.2031190428
0.113682147587 0.0517165782441 0.992170229776 3.0337900398 0.0208450851032 0.998300282494 -0.0544245201996 -1.77646823385 -0.993298470626 0.0268689692142 0.112410883576 88.1865042405
0.0992812780311 0.0485859231929 0.993872545098 3.50050621252 0.0224378017313 0.998443970482 -0.0510507870899 -1.80040428625 -0.994806399701 0.0273687024998 0.0980366321203 88.2312139823
0.0863365815543 0.0462103581048 0.995193748719 3.94940144308 0.0253805863544 0.998497474526 -0.0485656174895 -1.8237807634 -0.995942679335 0.0294515902739 0.0850340126568 88.2459452928
0.0747492517562 0.0458136629156 0.996149415325 4.48029341991 0.0298054279418 0.998395151094 -0.0481534914419 -1.83957253359 -0.99675683385 0.0332900970725 0.0732637946725 88.2841833361
0.0654034446721 0.0456072906415 0.996816113667 4.88939777331 0.0330799242004 0.998306808593 -0.0478459458141 -1.89554118302 -0.997310437146 0.0361038911517 0.0637840184042 88.2590984949
0.0577312745128 0.046203226177 0.997262433783 5.4306224443 0.0363806930388 0.998167622922 -0.048351232923 -1.921663828 -0.997669055908 0.0390724767835 0.0559445836597 88.2840210071
0.0525933258894 0.0466236308299 0.997527031774 5.99637733086 0.0389280043652 0.998054533014 -0.0487007146351 -1.94980938676 -0.997856980007 0.0413930692032 0.0506760424057 88.2961837385
0.0479866034399 0.0477257355097 0.99770714143 6.49623555651 0.0407002470497 0.997934856606 -0.0496941833716 -1.96468707743 -0.99801842457 0.0429915822102 0.045945054997 88.2697487142
0.0421501855226 0.0483134329657 0.997942470314 7.05898988421 0.0417804245765 0.997871196076 -0.0500746658988 -2.00158776843 -0.998237325481 0.0438051165702 0.0400419003002 88.2856462
0.0382306060437 0.0484092736483 0.998095668253 7.6267576405 0.0446458678709 0.997745707324 -0.050102395145 -2.02616857576 -0.998271089055 0.046476292258 0.0359831490334 88.2864897052
0.0354751903444 0.0481221949034 0.998211282859 8.18053570732 0.0456797539521 0.997717946776 -0.0497218137201 -2.07115085816 -0.998326034394 0.0473619365992 0.0331960240491 88.2821420297
0.0322483132673 0.0479348341343 0.998329754123 8.80208763842 0.0462213440512 0.99770908404 -0.0493980867911 -2.10043445018 -0.998410553653 0.0477371480195 0.0299588226312 88.2995249081
0.0297240641266 0.0473900060167 0.998434107661 9.45298576005 0.0484405931717 0.997633521468 -0.0487941162153 -2.13559611876 -0.998383688241 0.0498150998573 0.0273581227651 88.323990626
0.0293925302786 0.0471112814882 0.99845711291 10.0459732133 0.0518730827025 0.99747081266 -0.0485917810171 -2.16701247618 -0.998221048894 0.0532212837878 0.0268743836622 88.3107531
0.0301363027385 0.047120526298 0.998434504241 10.7679516398 0.0557707625863 0.997252848064 -0.0487481186112 -2.19863876291 -0.997988689965 0.0571525417544 0.027425566051 88.349596718
0.0323731041139 0.0473913433446 0.998351662845 11.4860876529 0.0572161612297 0.997149284281 -0.0491895898703 -2.23282508027 -0.99783680681 0.0587142694195 0.0295692668554 88.3806582526
0.0360001141863 0.0472346145358 0.998234883666 12.1869283883 0.0589503494074 0.997042604468 -0.0493041700036 -2.28111126784 -0.997611571747 0.0606212509328 0.0331091505784 88.4039193081
0.0406215984977 0.0467658400951 0.998079576956 12.9115640244 0.0594812078027 0.997019326794 -0.0491370320388 -2.32028321378 -0.997402562486 0.0613630035074 0.0377188301347 88.4231455857
0.0444326813515 0.0452470016945 0.997987197145 13.6388333704 0.0610703140179 0.996982471359 -0.0479204397718 -2.35796527627 -0.997143998414 0.0630766251461 0.0415353558611 88.4595463664
0.0481131015151 0.0441441497004 0.997865934637 14.411736805 0.0608863076243 0.997035507713 -0.0470431068736 -2.39040154264 -0.996984446722 0.0630197620407 0.0452826963182 88.5086765366
0.0520373992301 0.0418026148165 0.997769838428 15.1984215403 0.0571531758252 0.997361267335 -0.0447662474839 -2.44736790657 -0.997008336763 0.0593552341011 0.0495109342503 88.5578616537
0.0556935864438 0.0406272524571 0.997620995562 15.9806589729 0.0546786219948 0.997548287185 -0.043676801968 -2.5024869503 -0.996949583844 0.0569810590565 0.0533355995845 88.606656444
0.0598553341637 0.0414230205791 0.997347217542 16.759879847 0.0511035695877 0.997701237101 -0.0445046813488 -2.55508102401 -0.996898071092 0.0536318455087 0.0576008767276 88.6461206968
0.0631142845196 0.045756715639 0.996956824573 17.5535130772 0.0488983196415 0.997606881179 -0.0488821538093 -2.5947523009 -0.996807675244 0.0518346756403 0.0607258180304 88.6952623722
0.0643658816277 0.0507398732887 0.996635589642 18.3433837829 0.0425737055882 0.997657652938 -0.053541452407 -2.65179500263 -0.997017809708 0.04587671296 0.062054929967 88.7479549598
0.0641900205489 0.0541240879197 0.996468877772 19.1655038428 0.0404820126481 0.997565008612 -0.0567913747412 -2.69224847285 -0.997116265996 0.043984505225 0.0618426663899 88.8086600966
0.0642595697386 0.0537767008885 0.996483203139 19.97692892 0.0373549091754 0.997717545806 -0.0562521959694 -2.74829653792 -0.99723383339 0.040838281458 0.0621040764367 88.8611638955
0.0639161454239 0.0518058623444 0.996609692398 20.7844621205 0.0342860837803 0.997948110773 -0.0540743253669 -2.81122916181 -0.997366126762 0.0376260658536 0.0620087764371 88.9242255335
0.0634736855902 0.0506118937118 0.99669931647 21.6083412856 0.0352765968446 0.997975296579 -0.0529232381146 -2.86595727028 -0.997359841257 0.038519392939 0.0615597548319 88.9867156306
0.0640276502844 0.0501843911621 0.996685500488 22.4133310082 0.0327406320895 0.998091500043 -0.0523584620923 -2.91544494864 -0.997410903795 0.0359845025807 0.0622623848289 89.0382255427
0.0642154984969 0.0506835680597 0.99664815541 23.2239116112 0.0309784747633 0.998126880642 -0.0527547556291 -2.96781238787 -0.997455113704 0.0342623126611 0.0625251155695 89.0917899277
0.0642911527007 0.0514238520327 0.996605355759 24.0288652284 0.0282851873691 0.998176288432 -0.0533295920517 -3.01928741466 -0.997530248093 0.0316177901667 0.0627193708917 89.1475132412
0.0626189429553 0.0527187796457 0.996644168325 24.8487510183 0.0248113570427 0.998213060996 -0.0543606605801 -3.07661152922 -0.997729053674 0.0281321014087 0.0611990222591 89.2151429914
0.0599573238546 0.0526947130591 0.996809102352 25.6518804842 0.0224253624488 0.998282509851 -0.0541214712026 -3.12364326809 -0.997949007933 0.0255987839889 0.058672649702 89.2638914269
0.0561332995826 0.0514740555072 0.997095519139 26.4533459516 0.0198076241732 0.998416177076 -0.0526573392539 -3.17807431577 -0.998226783202 0.0227059235074 0.0550248156298 89.3080512355
0.0511855290401 0.0491846064831 0.997477275983 27.2568817772 0.0179222041333 0.998580443132 -0.0501586801444 -3.22943372229 -0.998528335209 0.0204443899376 0.0502313717132 89.3527726498
0.0447831407015 0.0472498987566 0.99787870875 28.0777612657 0.0157918768206 0.99872256109 -0.0479985686828 -3.2805094234 -0.998871907171 0.0179079043052 0.0439797683941 89.3967230903
0.037132893692 0.0477391096068 0.998169387238 28.9017137634 0.0156934535898 0.998707226402 -0.0483486447361 -3.32913801773 -0.999187101458 0.0174600500386 0.0363356977664 89.4337842365
0.0287768853057 0.0487094618839 0.998398356967 29.6969730765 0.0158941423105 0.998663433536 -0.0491805119853 -3.37948838229 -0.999459487479 0.0172839475209 0.0279642279668 89.4494928641
0.0188366582179 0.049454557298 0.998598731758 30.5028069887 0.0163035366078 0.998627951159 -0.0497635394442 -3.42296324649 -0.999689639339 0.017218069764 0.0180045292175 89.4619665924
0.00880169149248 0.048832072811 0.998768220806 31.2972344039 0.0182547840508 0.998632617083 -0.0489863139687 -3.46426386021 -0.999794625454 0.0186634606105 0.00789823726598 89.4631302247
-0.00198620108822 0.048131189366 0.998839047903 32.0927796972 0.0170030915542 0.998698247554 -0.0480905937893 -3.51098027485 -0.999853464205 0.0168878341897 -0.00280199456549 89.4607755173
-0.0129013394128 0.047318270465 0.998796544208 32.8795145663 0.0184322369489 0.998721204861 -0.0470766141697 -3.56242388132 -0.999746872004 0.0178027031888 -0.0137570228159 89.4461135053
-0.0241040158588 0.0476580679609 0.998572834088 33.6484855576 0.0187563537389 0.998708788626 -0.0472118069551 -3.6116920959 -0.999533488991 0.0175915911666 -0.0249667840606 89.4277125599
-0.0349474408218 0.0483288054558 0.998219917124 34.4257636089 0.0198110997238 0.998667282858 -0.047656882794 -3.65984528292 -0.999192772546 0.0181103482333 -0.0358583125528 89.3958271462
-0.0459440162946 0.0496737254929 0.997708208026 35.2066005363 0.0196220028001 0.998615063141 -0.0488152913962 -3.70537002934 -0.998751282539 0.0173342627083 -0.0468550847137 89.3678294252
-0.0564120209374 0.0509083318327 0.9971088334 35.9864065921 0.020897315752 0.998540608292 -0.0497991544738 -3.75018124326 -0.998188852917 0.0180276271858 -0.0573935411866 89.3277926899
-0.0661402396872 0.0515934438465 0.996475581861 36.7566822825 0.021649356534 0.998501426873 -0.0502613757722 -3.79862531994 -0.997575447801 0.0182487557085 -0.067158088562 89.2805238369
-0.076484158096 0.0518822268205 0.995720045043 37.5364962102 0.0216318591341 0.998496569857 -0.0503652921647 -3.85151260772 -0.996836113025 0.0176871287829 -0.0774914785294 89.2394602024
-0.0858316425684 0.0525626373107 0.994922156901 38.2897254278 0.0232571768422 0.998440953722 -0.0507421487065 -3.89404087951 -0.996038168375 0.0187837985764 -0.0869202856168 89.1757913956
-0.0943355328806 0.0524436702028 0.994158170862 39.0207226151 0.0245537716517 0.998430310213 -0.050339129369 -3.93162798895 -0.995237619634 0.0196615641192 -0.0954751452608 89.1037677603
-0.101712239627 0.0514646622848 0.993481760701 39.7513254189 0.027315941813 0.998428889918 -0.0489243405751 -3.97964307122 -0.994438766155 0.0221616857154 -0.102958244223 89.026493072
-0.106879643115 0.050064071588 0.993010740437 40.4740163118 0.0304754885054 0.998427204108 -0.0470570153814 -4.02143120021 -0.993804803011 0.0252330503959 -0.10823727029 88.9447783472
-0.110566411665 0.0487530144442 0.992672258197 41.1803970159 0.0343095143956 0.998388055604 -0.0452122511056 -4.0622040659 -0.993276359244 0.0290591467647 -0.112060877008 88.8618515665
-0.113249459213 0.0477183913575 0.992420029581 41.8875718494 0.0361932806177 0.998381211927 -0.0438748459722 -4.10378883896 -0.992907148945 0.0309501340418 -0.114793217468 88.7779241202
-0.115133486777 0.0472389041761 0.992226166836 42.584322008 0.0369539179031 0.998380873312 -0.0432439562889 -4.13857719103 -0.992662424077 0.0316878168409 -0.116692733663 88.6998083463
-0.115888463917 0.0477421634646 0.992114181815 43.2409749679 0.0376787820309 0.998336531073 -0.0436403495495 -4.17761268132 -0.992547315404 0.0323242409323 -0.117494553629 88.6229322471
-0.114854284121 0.0486894855693 0.992188403185 43.8578795847 0.0380050766062 0.998282237138 -0.0445891149006 -4.21927425662 -0.99265507986 0.0325869453993 -0.116507439326 88.5532240055
-0.111538037656 0.0507070272986 0.992465648543 44.4821873947 0.039644739789 0.998129368478 -0.0465409323973 -4.24960640845 -0.992969063346 0.0341549581158 -0.113339657989 88.4731932456
-0.106486027773 0.0512330293572 0.99299340511 45.0975289542 0.0394243455055 0.998103886614 -0.047268938074 -4.28970979731 -0.993532307915 0.0341146336352 -0.108303946841 88.4137067931
-0.0983928703302 0.0518512186924 0.993795901676 45.6936099068 0.0383079611659 0.998098820594 -0.0482829622126 -4.32894224387 -0.994410047807 0.0333195955681 -0.100192122303 88.3562280682
-0.0871571169258 0.0517163520775 0.994851273255 46.2371182327 0.0364757457875 0.998147582329 -0.0486921334422 -4.37021119965 -0.995526572693 0.0320440761719 -0.0888820580537 88.3111363263
-0.0732903850383 0.0521036936439 0.995948655589 46.8036581141 0.0358500898608 0.998126568357 -0.0495794775853 -4.40868314776 -0.996666087774 0.0320711497973 -0.075021002611 88.2741175727
-0.0560402907685 0.0535421882653 0.996991835416 47.3506994303 0.0344296996266 0.998070808063 -0.0516648611347 -4.44414224349 -0.997834696528 0.0314308155831 -0.0577756197507 88.2552167968
-0.0347658893964 0.0564768282864 0.997798426939 47.8910961228 0.0321038911621 0.997949826393 -0.0553668147422 -4.47649485098 -0.998879709027 0.0301083355426 -0.036507739236 88.2518122806
-0.00988741456739 0.0595719945997 0.998175043012 48.4078013302 0.0293447276388 0.997811197599 -0.0592596060195 -4.51867838909 -0.999520448011 0.0287052504812 -0.0116138969271 88.2564921109
0.0186358962902 0.0612576837062 0.997947994415 48.9287185959 0.0269602296433 0.997727607041 -0.0617476166749 -4.56166427053 -0.999462780391 0.028055629282 0.0169420269906 88.2780391836
0.0520869944723 0.0605955657781 0.996802449041 49.4440287 0.0232645530171 0.997812875666 -0.0618726573609 -4.60271131582 -0.998371526827 0.0264129241852 0.0505633449865 88.3164190498
0.0904732826657 0.0581515093401 0.994199671638 49.9618430302 0.0209460907692 0.997961854268 -0.0602776800174 -4.64428540479 -0.995678585893 0.0262781161475 0.0890708381377 88.3757077485
0.132811634228 0.0544985471263 0.989641843383 50.4920215282 0.0167283662658 0.998221664062 -0.0572160043977 -4.68217789117 -0.991000116839 0.0241540422762 0.131663778869 88.4634727335
0.1786493416 0.0505732998403 0.982612209414 50.9705093285 0.0130488800757 0.998468523947 -0.0537618211648 -4.71529132094 -0.983826275048 0.0224265028359 0.177715819487 88.5681873033
0.227187707564 0.0476636449659 0.972683875923 51.4617292955 0.00737942631073 0.998688616795 -0.0506615312835 -4.74899200262 -0.973823027865 0.01868752614 0.226538047064 88.7060885753
0.279186735617 0.0461031294225 0.959129432409 51.9427695672 0.00181991643599 0.998819547978 -0.0485406889267 -4.78463573565 -0.960235103795 0.0152974519044 0.278773265228 88.8629010562
0.334679624594 0.0455440108944 0.94123073258 52.4261782709 -0.000875333613788 0.998845960426 -0.0480206323632 -4.81987036136 -0.94233156727 0.0152476363135 0.334333257266 89.0458597735
0.393158765018 0.0465620510315 0.918290891218 52.8791573956 -0.000524101709823 0.998728155116 -0.050416242377 -4.84283639606 -0.919470451296 0.0193403097635 0.392683131304 89.2605855359
0.453791307384 0.0503473104169 0.889684549533 53.3099271095 -0.00157406815833 0.998446349281 -0.055699281122 -4.86937913705 -0.891106599489 0.0238754254803 0.453165524291 89.4947353405
0.513891105433 0.0536403998294 0.856176757021 53.7033579234 -0.00243943157359 0.998130518682 -0.0610697703334 -4.89536492306 -0.857851957467 0.0292946271715 0.513061247697 89.7605745437
0.572331288932 0.0580581985814 0.817964633274 54.06669657 -0.00891332756211 0.99787200391 -0.0645911480281 -4.9213034907 -0.819974053432 0.0296767482939 0.571630861928 90.0523721523
0.628236439746 0.0609483549765 0.775631532238 54.4092541765 -0.0148051060188 0.997682889762 -0.0664052732298 -4.94919016177 -0.777881600638 0.0302349053679 0.627683093516 90.3743964286
0.681101473824 0.0614994229459 0.72960167443 54.7208872993 -0.0181839529917 0.997579693093 -0.0671125903369 -4.98090180761 -0.731963200037 0.0324434416401 0.680571301839 90.706428238
0.729988611928 0.0591734770895 0.680892888833 55.013935299 -0.0202906639378 0.997682171162 -0.0649505527522 -5.01302296615 -0.683158045705 0.0335973950626 0.72949729241 91.0680874169
0.775036294711 0.0553548019403 0.629487559673 55.2835753309 -0.0239894835301 0.998015179614 -0.0582254750081 -5.04542512224 -0.631461199569 0.0300257749629 0.774825919983 91.4517631356
0.815973545339 0.0501305274508 0.575911541406 55.505011547 -0.0262168549312 0.998416922588 -0.049762688918 -5.07433481368 -0.577494458696 0.0255064483678 0.815996060816 91.8101478923
0.85190242816 0.0478201403349 0.52151269119 55.7125619655 -0.0302577204026 0.998653231021 -0.0421449229193 -5.09684303857 -0.522825710204 0.0201235769732 0.852202040833 92.2261696247
