1 7.76842201563e-44 -9.04837924175e-44 6.57572152074e-45 -7.76842201563e-44 1 -1.55753001449e-43 -3.29339679648e-44 9.04837924175e-44 1.55753001449e-43 1 5.57810160341e-42
0.999999265574 0.00093130692267 0.000775576461398 0.0417035858671 -0.000930235900965 0.999998614917 -0.00138015400183 -0.0147168892134 -0.000776860734137 0.00137943151914 0.999998746827 1.272127026
0.999996324353 0.00130092805379 0.0023788373416 0.0299561370917 -0.00129895541543 0.999998811407 -0.000830601804881 -0.0407532675988 -0.00237991506732 0.000827508748235 0.999996825612 2.47751373069
0.999993078071 0.00133622984308 0.00347250627466 0.0278751734303 -0.00133380523877 0.999998865165 -0.000700450976602 -0.0570816898465 -0.00347343829744 0.000695814481069 0.999993725515 3.71366519967
0.99999386623 0.00024832035126 0.00349368578349 0.0315630435576 -0.000246352170526 0.999999810735 -0.00056377273916 -0.0809178561824 -0.00349382511851 0.000562908604032 0.99999373814 4.90055868288
0.999992214881 9.26435350853e-05 0.00394481875415 0.0497649079536 -8.97650843924e-05 0.999999729631 -0.000729849622067 -0.100875744841 -0.00394488530344 0.000729489833112 0.99999195283 6.1310003792
0.999990139293 0.00139671928765 0.0042155060571 0.0775775542749 -0.0013880776023 0.999996930841 -0.0020522058096 -0.111096230069 -0.00421835947448 0.00204633412386 0.99998900892 7.39206443022
0.999987288501 0.00063361708582 0.00500213612501 0.0600804917075 -0.000623114510857 0.999997598977 -0.00210089731474 -0.142772517194 -0.00500345527919 0.00209775370558 0.999985282324 8.55521870504
0.999990777087 -0.000327514866327 0.00428234453969 0.0847380668609 0.000328105272075 0.999999936766 -0.000137167938438 -0.175462959958 -0.00428229934436 0.000138571733171 0.999990821313 9.78694252961
0.999995656439 -0.00124440357702 0.00267180908605 0.0929728265692 0.00124156358506 0.999998662846 0.00106434281676 -0.210176487356 -0.00267312998544 -0.00106102097285 0.999995864297 10.9827605943
0.99999709227 -0.00237335738097 0.000427346863696 0.0805277820343 0.00237320063109 0.999997116636 0.000366932026088 -0.22318657346 -0.000428216492332 -0.000365916779303 0.999999841368 12.1834884927
0.99999522574 -0.00218771059774 -0.00218229676167 0.0890925083509 0.00218750731759 0.99999760284 -9.55321872999e-05 -0.247680941746 0.00218250052713 9.07579410691e-05 0.999997614224 13.3777101716
0.999991176863 -0.00267752041546 -0.00323683200991 0.0642000738896 0.00267668749201 0.99999638344 -0.000261631375656 -0.275550592011 0.00323752082706 0.000252965079492 0.99999472722 14.583482043
0.999990128619 -0.00134932614552 -0.00423343629683 0.0565542426028 0.00134785491712 0.999999030267 -0.000350359613663 -0.298159176379 0.00423390494092 0.000344650097201 0.999990977592 15.7749720428
0.999986415135 -0.00174552261723 -0.00491148620386 0.045241190871 0.00174390521759 0.999998423761 -0.000333572961746 -0.317789110705 0.00491206072133 0.000325003263785 0.999987882943 16.9698873323
0.999982250908 -0.00253532894947 -0.00539165797352 0.0319052387047 0.00253485400914 0.999996782748 -9.49197621173e-05 -0.34017464611 0.00539188128002 8.12510115478e-05 0.999985460402 18.1802511495
0.99998220666 -0.00266563421096 -0.00533673669251 0.0165083385127 0.00266512682111 0.999996443322 -0.000102184271615 -0.357811047528 0.00533699009735 8.79593733188e-05 0.999985754298 19.4030994341
0.999979003987 -0.00196435437241 -0.00617518399315 0.00340699443821 0.00195873427485 0.999997662125 -0.000916026269111 -0.380971866592 0.00617696895656 0.000903911491671 0.999980513809 20.6148733364
0.999974769303 -0.00244923183401 -0.0066679847837 -0.0180436977244 0.00243840700048 0.999995696914 -0.00163105005997 -0.405751466604 0.00667195091052 0.00161474964667 0.99997643855 21.8315772748
0.999968003246 -0.00225094354571 -0.00767631013182 -0.0317130675241 0.00224303555646 0.99999694501 -0.00103863475468 -0.435225375923 0.00767862458897 0.00102138328517 0.9999699973 23.0525646297
0.999964964629 -0.00228274876458 -0.00805348207832 -0.0551717613249 0.00227353593129 0.999996750892 -0.00115292621095 -0.460611255491 0.00805608775258 0.00113457593688 0.999966905546 24.2538268187
0.999958454759 -0.00240453982844 -0.00879243674794 -0.0727802008821 0.00238985541118 0.999995732676 -0.00168024449404 -0.484526559797 0.00879643944257 0.00165916203534 0.999959934115 25.4375160882
0.999953266283 -0.0018394710565 -0.00949113246791 -0.0931204250344 0.0018260463025 0.999997320417 -0.00142292428904 -0.492099697965 0.00949372446368 0.00140552654315 0.999953945785 26.6661049233
0.999935420959 -0.00392137481272 -0.0106666175617 -0.0971506558265 0.00392351630446 0.999992286808 0.000179847184557 -0.512540827912 0.0106658300398 -0.000221686218115 0.999943093843 27.9061393819
0.999924368089 -0.00396247023366 -0.0116428918901 -0.113449455024 0.00396493166667 0.999992121892 0.000188335891312 -0.530581798236 0.0116420538908 -0.000234484917855 0.999932201501 29.098277356
