1 7.66252420915e-45 -6.3441108671e-44 -1.76837388118e-43 -7.66252420915e-45 1 1.09467911399e-43 -5.98745931996e-44 6.3441108671e-44 -1.09467911399e-43 1 4.6408312511e-43
0.999991566206 -0.00215472373354 -0.0034963812148 -0.00258306130652 0.0021462116479 0.999994728681 -0.00243647004881 -0.000241848040259 0.0035016127041 0.00242894552604 0.999990919425 0.681122146922
0.999970839224 -0.00129587377095 -0.00752604892242 -0.0184525885168 0.00127004701399 0.99999329243 -0.00343541486558 -0.015574615901 0.00753045030494 0.00342575625026 0.999965777671 1.373811188
0.999935402683 -0.00117459847556 -0.0113053429248 -0.0369564783058 0.00111866266313 0.999987109174 -0.00495278505575 -0.0184321631551 0.0113110147234 0.0049398182541 0.99992382667 2.08248653714
0.999860058006 0.000225899695177 -0.0167276230911 -0.0431789668983 -0.000324528903975 0.999982579291 -0.00589370817196 -0.0184404795257 0.0167260002971 0.00589831199187 0.999842713045 2.81448829288
0.999778198412 -0.000768923471937 -0.021046679952 -0.0681751471353 0.000640076330299 0.999981018645 -0.00612802193361 -0.0271826154437 0.0210509924374 0.00611319124694 0.999759713436 3.55911758241
0.999663753377 0.000681125129161 -0.0259213474477 -0.0883021010487 -0.000859948337677 0.99997590656 -0.00688816292435 -0.0471400138281 0.0259160312124 0.00690813782247 0.99964025377 4.32104892541
0.999510721166 0.00323926076912 -0.0311098933508 -0.113004180075 -0.00348059452896 0.999964247467 -0.00770644205307 -0.0515888608285 0.0310838179179 0.00781095237868 0.999486260679 5.09335187361
0.99935609936 0.00319460877803 -0.0357376712533 -0.145356208412 -0.00341334558418 0.999975804649 -0.00606128597171 -0.060417681693 0.0357174431305 0.00617936812815 0.999342823893 5.89383363483
0.999188502673 0.00212367857907 -0.0402222092333 -0.18258411607 -0.00226525253605 0.999991398038 -0.00347454754636 -0.064052010337 0.0402144844212 0.00356284142179 0.99918471836 6.68881959325
0.999054534355 0.00158801485869 -0.0434455474477 -0.23490150785 -0.00163642900788 0.99999807912 -0.00107882199492 -0.067407333205 0.0434437508086 0.0011488975599 0.999055213965 7.50727698578
0.99892941753 0.00361577520241 -0.0461188135352 -0.28599060828 -0.00369433243965 0.999991866562 -0.00161824541117 -0.0850392680108 0.046112587219 0.00178689117492 0.998934650675 8.33573679819
0.998844578898 0.00292474265172 -0.0479682508273 -0.34835072757 -0.00301009422822 0.999994012391 -0.00170719509087 -0.0936503770531 0.0479629705059 0.00184961151659 0.998847401958 9.16836582013
0.998741877813 -2.17228755749e-05 -0.0501463959961 -0.384340671168 -8.55541923669e-05 0.999997712675 -0.00213713026625 -0.105263602227 0.0501463277196 0.00213873172966 0.998739591507 10.0099662904
0.998640681479 -0.000149812119024 -0.0521226136273 -0.432489279056 8.50571304088e-05 0.999999221899 -0.00124457480668 -0.115830507998 0.0521227595231 0.00123844963315 0.998639917178 10.8449185029
0.998568026792 -0.00130380431713 -0.0534807999531 -0.489253669643 0.00123054833865 0.999998259135 -0.0014026682669 -0.132307575193 0.0534825356552 0.00133484897399 0.998567892814 11.706070222
0.998459317525 0.00104396636514 -0.0554788372393 -0.545812098027 -0.00124812278101 0.999992576685 -0.00364537569152 -0.142663287307 0.0554746197529 0.0037090037257 0.998453208646 12.5750813554
0.998398660544 0.00185159621995 -0.0565392449122 -0.605637795168 -0.00221208048112 0.999977620403 -0.00631390475687 -0.155684647794 0.0565262887845 0.00642886341215 0.998380412664 13.4362801844
0.99827621781 0.00601518382703 -0.058381594005 -0.663263276362 -0.00647139610779 0.999949963043 -0.00762839714287 -0.173926556192 0.0583327865566 0.00799305786795 0.998265193743 14.3139189418
0.998191531959 0.00698539020055 -0.0597065310393 -0.713764608848 -0.0074424229815 0.999944658806 -0.00743570207384 -0.18492992939 0.0596512855281 0.00786661610303 0.998188279077 15.1967897161
0.998105476319 0.00570910110319 -0.0612606260661 -0.77577045346 -0.00609134860523 0.999963117048 -0.00605475148034 -0.195295414306 0.061223799405 0.00641644043942 0.998103439368 16.0994225115
0.998023110094 0.00546302220198 -0.0626101198362 -0.850510392509 -0.00576963164911 0.99997222849 -0.00471737217104 -0.199224552032 0.0625826099497 0.00506928377458 0.998026913111 17.0231796262
0.99795722434 0.00497698560172 -0.063691506517 -0.915391434178 -0.00528556498943 0.999975092388 -0.00467732897709 -0.21157547686 0.0636666411147 0.00500441984027 0.997958673789 17.9403765011
0.997842288183 0.00407269999524 -0.0655300009732 -0.97586498232 -0.0044340238421 0.99997575432 -0.00536937648982 -0.223227893211 0.0655065442942 0.0056483525094 0.997836153268 18.846683931
0.997766656894 0.00285028971472 -0.0667351049919 -1.02632951798 -0.00327386571675 0.999975180393 -0.00623862178272 -0.235334879072 0.0667156667733 0.00644317057211 0.997751224184 19.7424615034
