1 2.58681938537e-44 2.88795084694e-42 7.17985412558e-43 -2.58681938537e-44 1 2.56698578794e-42 7.80626095707e-43 -2.88795084694e-42 -2.56698578794e-42 1 4.64685580547e-42
0.999999444789 -0.000870368395006 0.000594036782227 -0.0136386944171 0.000869501538159 0.99999855915 0.00145796617165 -0.00540728652396 -0.000595304893986 -0.00145744884628 0.999998760727 1.34591475739
0.999997004009 -0.00238649871185 0.000544606865617 -0.0233859845139 0.00238586637454 0.999996482406 0.00115880030659 -0.00093816912879 -0.00054737042535 -0.00115749747563 0.999999180292 2.70754057091
0.999991913751 -0.00362879788437 0.00173327941885 -0.051346037429 0.0036288001735 0.999993415881 1.82417939418e-06 -0.0108635471312 -0.00173327462631 4.46556001242e-06 0.999998497868 4.0089983438
0.999989673302 -0.00375236102707 0.00256380093797 -0.0633297667495 0.00375352053118 0.999992855344 -0.000447597918357 -0.018441363054 -0.00256210307151 0.000457216575607 0.999996613285 5.34232534231
0.99998362807 -0.00469442419462 0.00327199829489 -0.0846749209639 0.00469415675753 0.999988978388 8.9410001019e-05 -0.0188564074809 -0.00327238196066 -7.40492642982e-05 0.999994643002 6.7140656682
0.99997043851 -0.00629571710793 0.00441430076745 -0.112069567844 0.00629165882803 0.999979772408 0.000932633212041 -0.016008967239 -0.00442008307164 -0.000904832367621 0.99998982202 8.09528859613
0.999968899981 -0.00644616951342 0.00454378364969 -0.123896016483 0.00643969597764 0.99997823115 0.00143789521182 -0.0271112048129 -0.00455295365302 -0.00140858990796 0.999988643179 9.44989131966
0.999968956698 -0.00539975017928 0.00573832195218 -0.161497172751 0.00540524393794 0.999984947588 -0.000942303576243 -0.0334970610149 -0.00573314737269 0.000973291353974 0.99998309172 10.7586363707
0.999974401166 -0.00278738516434 0.00658995427917 -0.181021670815 0.00280873776743 0.999990828846 -0.00323314325365 -0.0505654823074 -0.00658088182615 0.00325156994242 0.999973059281 12.1023587476
0.999972720782 0.000399746237966 0.0073754928327 -0.207045304148 -0.000368476608234 0.999990940989 -0.00424053834624 -0.0705207210734 -0.00737712115728 0.00423770497109 0.999963809315 13.4787246873
0.999961521319 0.00238223183105 0.00844279892465 -0.219693958381 -0.00234474107752 0.999987360088 -0.00444767963941 -0.0800500395632 -0.00845328761242 0.00442771232111 0.999954467609 14.8191312216
0.999943776781 0.0031182276384 0.0101350842466 -0.248805106063 -0.00308417066054 0.999989551279 -0.0033741997149 -0.108308273039 -0.0101454998707 0.00334275167705 0.999942945794 16.1584893758
0.999937617511 -0.00010414377332 0.0111691647382 -0.255560831665 0.000109213800728 0.999999891286 -0.000453321785458 -0.122931278063 -0.0111691163133 0.000454513333049 0.999937520177 17.5625781951
0.999929114459 -0.00477871525341 0.0109055003793 -0.227371797362 0.00476492955085 0.999987815936 0.00128973843545 -0.144505289996 -0.0109115307988 -0.00123768307062 0.9999397015 18.9465672666
0.99991854341 -0.00709298408852 0.0106111319994 -0.217779992595 0.00710773416641 0.999973824422 -0.0013529912793 -0.157055432499 -0.0106012575012 0.0014283021747 0.999942785009 20.3520012896
0.999905912906 -0.00854118601736 0.0107337540787 -0.214513762261 0.00857423318722 0.999958630029 -0.0030365698304 -0.177653922712 -0.0107073741158 0.00312831783882 0.999937780948 21.7036963673
0.999916067971 -0.00655872009209 0.0111731912798 -0.201211093655 0.00661279932322 0.999966566646 -0.00481003896964 -0.192753280645 -0.0111412700233 0.00488352132504 0.999926008924 23.080866753
0.999927775866 -0.00377664053025 0.0114096467144 -0.173607570403 0.00381170018234 0.999988076136 -0.00305262628754 -0.214716430686 -0.0113979819951 0.00309589596671 0.999930248285 24.4837472769
0.99992953676 -0.00327040267789 0.0114116599189 -0.158294821457 0.00326672141696 0.999994606038 0.000341212786915 -0.236243291251 -0.011412714268 -0.000303910030096 0.999934826672 25.8692320633
0.99990733823 -0.00614464506927 0.0121473573481 -0.161210009019 0.00611223002821 0.999977664773 0.00270381187705 -0.25874038402 -0.0121636999984 -0.00262931389471 0.999922562557 27.2359409711
0.999871631564 -0.0107253338287 0.0119032604253 -0.155626370127 0.0107110563833 0.999941837913 0.00126256156553 -0.285781890161 -0.0119161095011 -0.00113490299892 0.999928356598 28.6049081482
0.999864963194 -0.0111129413813 0.0121061104769 -0.170120413359 0.0111349290293 0.999936472788 -0.00175035548837 -0.279715186007 -0.0120858898115 0.00188491980694 0.999925186374 30.0259610689
0.999853726215 -0.0111050314897 0.0130078610317 -0.160316164356 0.011165396754 0.999927188557 -0.00457728082017 -0.29177958929 -0.012956083063 0.00472184921333 0.999904917505 31.3923485359
0.999871424365 -0.00853187533196 0.0135772545778 -0.160712418812 0.00861215283379 0.999945713636 -0.00586520292742 -0.287178501805 -0.0135264763378 0.00598137819672 0.999890622795 32.7827224648
